StringID   Type       x          y          demand     DeliveryDemand  PickupDemand  DivisionRate ReadyTime  DueDate    ServiceTime
D0         d          50.0       150.0      0.0        0.0             0.0           0            0.0        9999.0     0.0         
S0         s          50.0       75.0       0.0        0.0             0.0           0            0.0        9999.0     0.0         
S1         s          50.0       25.0       0.0        0.0             0.0           0            0.0        9999.0     0.0         
F0         f          50.0       75.0       0.0        0.0             0.0           0            0.0        9999.0     0.0         
F1         f          50.0       25.0       0.0        0.0             0.0           0            0.0        9999.0     0.0         
F2         f          21.0       83.0       0.0        0.0             0.0           0            0.0        9999.0     0.0         
F3         f          22.0       34.0       0.0        0.0             0.0           0            0.0        9999.0     0.0         
F4         f          39.0       26.0       0.0        0.0             0.0           0            0.0        9999.0     0.0         
F5         f          40.0       50.0       0.0        0.0             0.0           0            0.0        9999.0     0.0         
F6         f          57.0       82.0       0.0        0.0             0.0           0            0.0        9999.0     0.0         
C0         c          50.0       30.0       10.0       6.0             4.0           35           1081.0     1165.0     90.0        
C1         c          20.0       55.0       10.0       4.0             6.0           30           101.0      1226.0     90.0        
C2         c          58.0       75.0       20.0       15.0            5.0           45           101.0      1216.0     90.0        
C3         c          38.0       15.0       10.0       4.0             6.0           25           167.0      225.0      90.0        
C4         c          5.0        35.0       10.0       1.0             9.0           50           756.0      826.0      90.0        
C5         c          22.0       75.0       30.0       9.0             21.0          45           1143.0     1207.0     90.0        
C6         c          35.0       66.0       10.0       5.0             5.0           30           880.0      946.0      90.0        
C7         c          32.0       30.0       10.0       9.0             1.0           45           101.0      1225.0     90.0        
C8         c          26.0       32.0       10.0       8.0             2.0           35           101.0      1224.0     90.0        
C9         c          62.0       80.0       30.0       23.0            7.0           50           101.0      1209.0     90.0        
C10        c          15.0       75.0       20.0       4.0             16.0          25           101.0      1211.0     90.0        
C11        c          8.0        40.0       40.0       8.0             32.0          50           456.0      538.0      90.0        
C12        c          68.0       60.0       30.0       26.0            4.0           45           101.0      1217.0     90.0        
C13        c          15.0       80.0       10.0       2.0             8.0           25           556.0      614.0      90.0        
C14        c          35.0       30.0       10.0       9.0             1.0           35           244.0      300.0      90.0        

L Large vehicle loading capacity /800.0/
C Electric vehicle loading capacity /100.0/
Q Electric vehicle battery capacity /77.75/
r Fuel consumption rate /1.0/
g Inverse refueling rate /3.47/
v Average velocity /1.0/
