StringID   Type       x          y          demand     DeliveryDemand  PickupDemand  DivisionRate ReadyTime  DueDate    ServiceTime
D0         d          50.0       150.0      0.0        0.0        0.0        0.0        0.0        9999.0     0.0
S1         s          50.0       25.0       0.0        0.0        0.0        0.0        0.0        9999.0     0.0
S6         s          50.0       75.0       0.0        0.0        0.0        0.0        0.0        9999.0     0.0
F_sS1      f          50.0       25.0       0.0        0.0        0.0        0.0        0.0        9999.0     0.0
F_sS6      f          50.0       75.0       0.0        0.0        0.0        0.0        0.0        9999.0     0.0
F5         f          25.0       24.0       0.0        0.0        0.0        0.0        0.0        9999.0     0.0
F11        f          41.0       93.0       0.0        0.0        0.0        0.0        0.0        9999.0     0.0
F8         f          42.0       82.0       0.0        0.0        0.0        0.0        0.0        9999.0     0.0
F0         f          47.0       50.0       0.0        0.0        0.0        0.0        0.0        9999.0     0.0
C10        c          21.0       52.0       22.0       9.0        13.0       40.0       547.0      971.0      90.0
C11        c          36.0       30.0       13.0       11.0       2.0        35.0       349.0      1162.0     90.0
C18        c          19.0       50.0       10.0       4.0        6.0        30.0       263.0      429.0      90.0
C19        c          60.0       81.0       12.0       9.0        3.0        45.0       644.0      1102.0     90.0
C25        c          7.0        45.0       24.0       4.0        20.0       30.0       433.0      1015.0     90.0
C28        c          61.0       87.0       16.0       11.0       5.0        40.0       419.0      460.0      90.0
C35        c          23.0       82.0       30.0       8.0        22.0       30.0       114.0      1066.0     90.0
C41        c          27.0       35.0       22.0       17.0       5.0        20.0       316.0      843.0      90.0
C47        c          56.0       77.0       12.0       9.0        3.0        35.0       283.0      549.0      90.0
C50        c          46.0       66.0       10.0       7.0        3.0        45.0       329.0      818.0      90.0
C74        c          65.0       58.0       10.0       9.0        1.0        30.0       753.0      1052.0     90.0
C75        c          46.0       36.0       10.0       8.0        2.0        40.0       238.0      317.0      90.0
C77        c          5.0        43.0       10.0       1.0        9.0        35.0       430.0      777.0      90.0
C79        c          19.0       73.0       10.0       3.0        7.0        50.0       612.0      631.0      90.0
C82        c          64.0       85.0       18.0       14.0       4.0        35.0       960.0      1154.0     90.0

L Large vehicle loading capacity /800.0/
C Electric vehicle loading capacity /100.0/
Q Electric vehicle battery capacity /79.7/
r Fuel consumption rate /1.0/
g Inverse refueling rate /3.4/
v Average velocity /1.0/
