StringID   Type       x          y          demand     DeliveryDemand  PickupDemand  DivisionRate ReadyTime  DueDate    ServiceTime
D0         d          50.0       150.0      0.0        0.0        0.0        0.0        0.0        9999.0     0.0
S1         s          50.0       25.0       0.0        0.0        0.0        0.0        0.0        9999.0     0.0
S6         s          50.0       75.0       0.0        0.0        0.0        0.0        0.0        9999.0     0.0
F_sS1      f          50.0       25.0       0.0        0.0        0.0        0.0        0.0        9999.0     0.0
F_sS6      f          50.0       75.0       0.0        0.0        0.0        0.0        0.0        9999.0     0.0
F9         f          20.0       59.0       0.0        0.0        0.0        0.0        0.0        9999.0     0.0
F13        f          45.0       18.0       0.0        0.0        0.0        0.0        0.0        9999.0     0.0
F14        f          76.0       66.0       0.0        0.0        0.0        0.0        0.0        9999.0     0.0
F8         f          45.0       27.0       0.0        0.0        0.0        0.0        0.0        9999.0     0.0
C10        c          20.0       83.0       30.0       7.0        23.0       30.0       563.0      955.0      90.0
C33        c          84.0       37.0       16.0       7.0        9.0        35.0       585.0      891.0      90.0
C43        c          66.0       55.0       13.0       11.0       2.0        30.0       636.0      1005.0     90.0
C45        c          58.0       79.0       22.0       16.0       6.0        30.0       236.0      1070.0     90.0
C48        c          29.0       34.0       13.0       11.0       2.0        35.0       380.0      1149.0     90.0
C61        c          39.0       69.0       10.0       6.0        4.0        30.0       653.0      789.0      90.0
C62        c          5.0        46.0       28.0       3.0        25.0       35.0       373.0      925.0      90.0
C64        c          29.0       36.0       10.0       8.0        2.0        50.0       755.0      832.0      90.0
C67        c          46.0       8.0        20.0       3.0        17.0       35.0       925.0      1184.0     90.0
C68        c          49.0       35.0       17.0       12.0       5.0        25.0       210.0      876.0      90.0
C74        c          37.0       34.0       10.0       9.0        1.0        40.0       1108.0     1168.0     90.0
C79        c          19.0       80.0       10.0       2.0        8.0        45.0       368.0      587.0      90.0
C85        c          29.0       32.0       32.0       29.0       3.0        20.0       537.0      959.0      90.0
C88        c          27.0       30.0       10.0       9.0        1.0        45.0       198.0      996.0      90.0
C89        c          27.0       53.0       10.0       5.0        5.0        35.0       445.0      802.0      90.0

L Large vehicle loading capacity /800.0/
C Electric vehicle loading capacity /100.0/
Q Electric vehicle battery capacity /79.7/
r Fuel consumption rate /1.0/
g Inverse refueling rate /3.4/
v Average velocity /1.0/
