StringID   Type       x          y          demand     DeliveryDemand  PickupDemand  DivisionRate ReadyTime  DueDate    ServiceTime
D0         d          50.0       150.0      0.0        0.0        0.0        0.0        0.0        9999.0     0.0
S1         s          50.0       25.0       0.0        0.0        0.0        0.0        0.0        9999.0     0.0
S6         s          50.0       75.0       0.0        0.0        0.0        0.0        0.0        9999.0     0.0
F_sS1      f          50.0       25.0       0.0        0.0        0.0        0.0        0.0        9999.0     0.0
F_sS6      f          50.0       75.0       0.0        0.0        0.0        0.0        0.0        9999.0     0.0
F3         f          39.0       51.0       0.0        0.0        0.0        0.0        0.0        9999.0     0.0
F0         f          77.0       41.0       0.0        0.0        0.0        0.0        0.0        9999.0     0.0
F6         f          66.0       35.0       0.0        0.0        0.0        0.0        0.0        9999.0     0.0
F5         f          37.0       55.0       0.0        0.0        0.0        0.0        0.0        9999.0     0.0
C14        c          6.0        42.0       21.0       3.0        18.0       30.0       248.0      987.0      90.0
C22        c          35.0       68.0       21.0       11.0       10.0       40.0       432.0      441.0      90.0
C28        c          57.0       83.0       20.0       14.0       6.0        25.0       866.0      1102.0     90.0
C38        c          90.0       38.0       10.0       4.0        6.0        40.0       379.0      518.0      90.0
C42        c          44.0       68.0       19.0       12.0       7.0        35.0       235.0      1039.0     90.0
C49        c          43.0       73.0       18.0       11.0       7.0        20.0       209.0      958.0      90.0
C51        c          86.0       26.0       12.0       4.0        8.0        40.0       668.0      793.0      90.0
C60        c          42.0       6.0        22.0       3.0        19.0       35.0       354.0      1038.0     90.0
C69        c          6.0        43.0       10.0       1.0        9.0        45.0       148.0      712.0      90.0
C71        c          36.0       68.0       31.0       16.0       15.0       30.0       156.0      743.0      90.0
C82        c          5.0        41.0       12.0       1.0        11.0       35.0       428.0      438.0      90.0
C87        c          42.0       12.0       19.0       5.0        14.0       40.0       210.0      213.0      90.0
C92        c          61.0       85.0       35.0       25.0       10.0       35.0       286.0      1102.0     90.0
C94        c          27.0       52.0       16.0       8.0        8.0        25.0       572.0      1102.0     90.0
C99        c          92.0       32.0       20.0       7.0        13.0       25.0       951.0      1068.0     90.0

L Large vehicle loading capacity /800.0/
C Electric vehicle loading capacity /100.0/
Q Electric vehicle battery capacity /79.7/
r Fuel consumption rate /1.0/
g Inverse refueling rate /3.4/
v Average velocity /1.0/
