StringID   Type       x          y          demand     DeliveryDemand  PickupDemand  DivisionRate ReadyTime  DueDate    ServiceTime
D0         d          50.0       150.0      0.0        0.0        0.0        0.0        0.0        9999.0     0.0
S1         s          50.0       25.0       0.0        0.0        0.0        0.0        0.0        9999.0     0.0
S6         s          50.0       75.0       0.0        0.0        0.0        0.0        0.0        9999.0     0.0
F_sS1      f          50.0       25.0       0.0        0.0        0.0        0.0        0.0        9999.0     0.0
F_sS6      f          50.0       75.0       0.0        0.0        0.0        0.0        0.0        9999.0     0.0
F14        f          48.0       73.0       0.0        0.0        0.0        0.0        0.0        9999.0     0.0
F10        f          73.0       24.0       0.0        0.0        0.0        0.0        0.0        9999.0     0.0
F4         f          18.0       27.0       0.0        0.0        0.0        0.0        0.0        9999.0     0.0
F17        f          54.0       79.0       0.0        0.0        0.0        0.0        0.0        9999.0     0.0
C1         c          48.0       31.0       35.0       23.0       12.0       50.0       345.0      879.0      90.0
C5         c          50.0       35.0       23.0       16.0       7.0        40.0       120.0      1217.0     90.0
C7         c          46.0       65.0       37.0       26.0       11.0       40.0       190.0      248.0      90.0
C11        c          62.0       86.0       10.0       7.0        3.0        25.0       205.0      226.0      90.0
C13        c          3.0        40.0       10.0       1.0        9.0        30.0       674.0      692.0      90.0
C24        c          4.0        43.0       19.0       2.0        17.0       30.0       691.0      774.0      90.0
C28        c          67.0       84.0       10.0       8.0        2.0        50.0       517.0      711.0      90.0
C34        c          50.0       30.0       10.0       6.0        4.0        20.0       587.0      708.0      90.0
C62        c          69.0       54.0       18.0       14.0       4.0        30.0       135.0      278.0      90.0
C63        c          37.0       66.0       22.0       12.0       10.0       40.0       961.0      1074.0     90.0
C69        c          36.0       33.0       19.0       17.0       2.0        25.0       544.0      1222.0     90.0
C71        c          26.0       33.0       10.0       8.0        2.0        20.0       547.0      638.0      90.0
C82        c          90.0       33.0       27.0       10.0       17.0       40.0       249.0      1039.0     90.0
C89        c          65.0       80.0       26.0       21.0       5.0        35.0       716.0      1081.0     90.0
C99        c          33.0       31.0       22.0       21.0       1.0        40.0       393.0      886.0      90.0

L Large vehicle loading capacity /800.0/
C Electric vehicle loading capacity /100.0/
Q Electric vehicle battery capacity /79.7/
r Fuel consumption rate /1.0/
g Inverse refueling rate /3.4/
v Average velocity /1.0/
