StringID   Type       x          y          demand     DeliveryDemand  PickupDemand  DivisionRate ReadyTime  DueDate    ServiceTime
D0         d          50.0       150.0      0.0        0.0        0.0        0.0        0.0        9999.0     0.0
S1         s          50.0       25.0       0.0        0.0        0.0        0.0        0.0        9999.0     0.0
S6         s          50.0       75.0       0.0        0.0        0.0        0.0        0.0        9999.0     0.0
F_sS1      f          50.0       25.0       0.0        0.0        0.0        0.0        0.0        9999.0     0.0
F_sS6      f          50.0       75.0       0.0        0.0        0.0        0.0        0.0        9999.0     0.0
F9         f          65.0       64.0       0.0        0.0        0.0        0.0        0.0        9999.0     0.0
F10        f          43.0       60.0       0.0        0.0        0.0        0.0        0.0        9999.0     0.0
F0         f          57.0       12.0       0.0        0.0        0.0        0.0        0.0        9999.0     0.0
F7         f          63.0       25.0       0.0        0.0        0.0        0.0        0.0        9999.0     0.0
C14        c          28.0       33.0       26.0       22.0       4.0        30.0       420.0      1173.0     90.0
C25        c          44.0       69.0       10.0       6.0        4.0        30.0       186.0      1071.0     90.0
C30        c          57.0       78.0       14.0       10.0       4.0        25.0       205.0      527.0      90.0
C36        c          71.0       57.0       18.0       14.0       4.0        40.0       362.0      530.0      90.0
C39        c          63.0       58.0       11.0       10.0       1.0        45.0       135.0      694.0      90.0
C44        c          31.0       34.0       18.0       16.0       2.0        30.0       594.0      982.0      90.0
C55        c          30.0       32.0       13.0       12.0       1.0        25.0       607.0      708.0      90.0
C69        c          43.0       27.0       21.0       13.0       8.0        35.0       568.0      595.0      90.0
C71        c          37.0       8.0        24.0       5.0        19.0       45.0       182.0      1214.0     90.0
C73        c          48.0       34.0       19.0       13.0       6.0        25.0       586.0      605.0      90.0
C80        c          30.0       31.0       14.0       14.0       0.0        50.0       186.0      1192.0     90.0
C81        c          32.0       33.0       22.0       21.0       1.0        45.0       487.0      496.0      90.0
C84        c          43.0       8.0        17.0       3.0        14.0       20.0       359.0      992.0      90.0
C89        c          51.0       30.0       12.0       7.0        5.0        20.0       240.0      252.0      90.0
C96        c          31.0       35.0       10.0       9.0        1.0        30.0       343.0      1116.0     90.0

L Large vehicle loading capacity /800.0/
C Electric vehicle loading capacity /100.0/
Q Electric vehicle battery capacity /79.7/
r Fuel consumption rate /1.0/
g Inverse refueling rate /3.4/
v Average velocity /1.0/
