StringID   Type       x          y          demand     DeliveryDemand  PickupDemand  DivisionRate ReadyTime  DueDate    ServiceTime
D0         d          50.0       150.0      0.0        0.0        0.0        0.0        0.0        9999.0     0.0
S1         s          50.0       25.0       0.0        0.0        0.0        0.0        0.0        9999.0     0.0
S6         s          50.0       75.0       0.0        0.0        0.0        0.0        0.0        9999.0     0.0
F_sS1      f          50.0       25.0       0.0        0.0        0.0        0.0        0.0        9999.0     0.0
F_sS6      f          50.0       75.0       0.0        0.0        0.0        0.0        0.0        9999.0     0.0
F7         f          0.0        57.0       0.0        0.0        0.0        0.0        0.0        9999.0     0.0
F5         f          83.0       11.0       0.0        0.0        0.0        0.0        0.0        9999.0     0.0
F1         f          59.0       62.0       0.0        0.0        0.0        0.0        0.0        9999.0     0.0
F2         f          67.0       29.0       0.0        0.0        0.0        0.0        0.0        9999.0     0.0
C0         c          27.0       37.0       23.0       17.0       6.0        35.0       309.0      674.0      90.0
C14        c          36.0       8.0        10.0       2.0        8.0        20.0       259.0      1187.0     90.0
C47        c          69.0       59.0       20.0       17.0       3.0        30.0       237.0      853.0      90.0
C51        c          62.0       80.0       11.0       9.0        2.0        35.0       210.0      291.0      90.0
C59        c          25.0       52.0       16.0       8.0        8.0        35.0       438.0      1147.0     90.0
C63        c          16.0       79.0       30.0       6.0        24.0       45.0       322.0      667.0      90.0
C64        c          62.0       83.0       31.0       23.0       8.0        25.0       810.0      825.0      90.0
C68        c          26.0       50.0       21.0       11.0       10.0       35.0       1103.0     1160.0     90.0
C69        c          46.0       36.0       10.0       8.0        2.0        30.0       812.0      1116.0     90.0
C79        c          18.0       81.0       15.0       3.0        12.0       35.0       495.0      624.0      90.0
C85        c          37.0       68.0       27.0       15.0       12.0       25.0       233.0      242.0      90.0
C90        c          48.0       31.0       22.0       14.0       8.0        20.0       413.0      659.0      90.0
C93        c          36.0       9.0        28.0       7.0        21.0       45.0       751.0      1188.0     90.0
C94        c          26.0       39.0       15.0       10.0       5.0        40.0       177.0      450.0      90.0
C98        c          68.0       59.0       21.0       18.0       3.0        30.0       662.0      665.0      90.0

L Large vehicle loading capacity /800.0/
C Electric vehicle loading capacity /100.0/
Q Electric vehicle battery capacity /79.7/
r Fuel consumption rate /1.0/
g Inverse refueling rate /3.4/
v Average velocity /1.0/
