StringID   Type       x          y          demand     DeliveryDemand  PickupDemand  DivisionRate ReadyTime  DueDate    ServiceTime
D0         d          50.0       150.0      0.0        0.0        0.0        0.0        0.0        9999.0     0.0
S1         s          50.0       25.0       0.0        0.0        0.0        0.0        0.0        9999.0     0.0
S6         s          50.0       75.0       0.0        0.0        0.0        0.0        0.0        9999.0     0.0
F_sS1      f          50.0       25.0       0.0        0.0        0.0        0.0        0.0        9999.0     0.0
F_sS6      f          50.0       75.0       0.0        0.0        0.0        0.0        0.0        9999.0     0.0
F13        f          60.0       55.0       0.0        0.0        0.0        0.0        0.0        9999.0     0.0
F12        f          52.0       74.0       0.0        0.0        0.0        0.0        0.0        9999.0     0.0
F11        f          31.0       52.0       0.0        0.0        0.0        0.0        0.0        9999.0     0.0
F18        f          49.0       61.0       0.0        0.0        0.0        0.0        0.0        9999.0     0.0
C9         c          51.0       80.0       19.0       12.0       7.0        45.0       581.0      1225.0     90.0
C12        c          38.0       12.0       23.0       7.0        16.0       30.0       384.0      680.0      90.0
C14        c          25.0       33.0       12.0       9.0        3.0        30.0       461.0      881.0      90.0
C18        c          48.0       32.0       10.0       7.0        3.0        20.0       175.0      631.0      90.0
C19        c          59.0       60.0       24.0       24.0       0.0        35.0       650.0      1149.0     90.0
C28        c          19.0       54.0       18.0       6.0        12.0       30.0       250.0      671.0      90.0
C33        c          67.0       57.0       10.0       9.0        1.0        35.0       1169.0     1170.0     90.0
C42        c          40.0       68.0       16.0       9.0        7.0        30.0       268.0      758.0      90.0
C46        c          34.0       32.0       19.0       18.0       1.0        40.0       455.0      488.0      90.0
C62        c          20.0       81.0       26.0       6.0        20.0       40.0       1008.0     1141.0     90.0
C71        c          17.0       75.0       26.0       6.0        20.0       30.0       387.0      1205.0     90.0
C75        c          52.0       37.0       14.0       10.0       4.0        25.0       531.0      1072.0     90.0
C92        c          52.0       32.0       32.0       20.0       12.0       40.0       188.0      1114.0     90.0
C93        c          0.0        46.0       25.0       0.0        25.0       45.0       959.0      1064.0     90.0
C97        c          4.0        40.0       12.0       1.0        11.0       25.0       925.0      1124.0     90.0

L Large vehicle loading capacity /800.0/
C Electric vehicle loading capacity /100.0/
Q Electric vehicle battery capacity /79.7/
r Fuel consumption rate /1.0/
g Inverse refueling rate /3.4/
v Average velocity /1.0/
