StringID   Type       x          y          demand     DeliveryDemand  PickupDemand  DivisionRate ReadyTime  DueDate    ServiceTime
D0         d          50.0       150.0      0.0        0.0        0.0        0.0        0.0        9999.0     0.0
S1         s          50.0       25.0       0.0        0.0        0.0        0.0        0.0        9999.0     0.0
S6         s          50.0       75.0       0.0        0.0        0.0        0.0        0.0        9999.0     0.0
F_sS1      f          50.0       25.0       0.0        0.0        0.0        0.0        0.0        9999.0     0.0
F_sS6      f          50.0       75.0       0.0        0.0        0.0        0.0        0.0        9999.0     0.0
F7         f          80.0       48.0       0.0        0.0        0.0        0.0        0.0        9999.0     0.0
F18        f          28.0       24.0       0.0        0.0        0.0        0.0        0.0        9999.0     0.0
F17        f          30.0       64.0       0.0        0.0        0.0        0.0        0.0        9999.0     0.0
F15        f          44.0       96.0       0.0        0.0        0.0        0.0        0.0        9999.0     0.0
C4         c          49.0       43.0       10.0       9.0        1.0        30.0       647.0      830.0      90.0
C5         c          22.0       84.0       16.0       4.0        12.0       25.0       275.0      1053.0     90.0
C31        c          65.0       58.0       10.0       9.0        1.0        20.0       593.0      973.0      90.0
C37        c          26.0       87.0       10.0       3.0        7.0        40.0       458.0      930.0      90.0
C39        c          22.0       50.0       16.0       7.0        9.0        35.0       251.0      719.0      90.0
C40        c          39.0       11.0       14.0       4.0        10.0       20.0       205.0      1100.0     90.0
C49        c          90.0       36.0       28.0       11.0       17.0       30.0       794.0      864.0      90.0
C64        c          35.0       8.0        15.0       3.0        12.0       35.0       1029.0     1192.0     90.0
C65        c          33.0       28.0       23.0       20.0       3.0        45.0       152.0      198.0      90.0
C68        c          46.0       39.0       18.0       15.0       3.0        45.0       1162.0     1220.0     90.0
C72        c          48.0       35.0       17.0       12.0       5.0        40.0       457.0      1065.0     90.0
C75        c          25.0       57.0       10.0       4.0        6.0        45.0       545.0      744.0      90.0
C79        c          74.0       53.0       29.0       21.0       8.0        35.0       249.0      1103.0     90.0
C87        c          8.0        41.0       23.0       4.0        19.0       20.0       672.0      812.0      90.0
C99        c          88.0       34.0       13.0       5.0        8.0        50.0       552.0      775.0      90.0

L Large vehicle loading capacity /800.0/
C Electric vehicle loading capacity /100.0/
Q Electric vehicle battery capacity /79.7/
r Fuel consumption rate /1.0/
g Inverse refueling rate /3.4/
v Average velocity /1.0/
