StringID   Type       x          y          demand     DeliveryDemand  PickupDemand  DivisionRate ReadyTime  DueDate    ServiceTime
D0         d          50.0       150.0      0.0        0.0        0.0        0.0        0.0        9999.0     0.0
S1         s          50.0       25.0       0.0        0.0        0.0        0.0        0.0        9999.0     0.0
S6         s          50.0       75.0       0.0        0.0        0.0        0.0        0.0        9999.0     0.0
F_sS1      f          50.0       25.0       0.0        0.0        0.0        0.0        0.0        9999.0     0.0
F_sS6      f          50.0       75.0       0.0        0.0        0.0        0.0        0.0        9999.0     0.0
F15        f          57.0       46.0       0.0        0.0        0.0        0.0        0.0        9999.0     0.0
F3         f          61.0       47.0       0.0        0.0        0.0        0.0        0.0        9999.0     0.0
F1         f          6.0        40.0       0.0        0.0        0.0        0.0        0.0        9999.0     0.0
F2         f          30.0       96.0       0.0        0.0        0.0        0.0        0.0        9999.0     0.0
C12        c          71.0       58.0       23.0       19.0       4.0        40.0       767.0      826.0      90.0
C23        c          45.0       65.0       10.0       7.0        3.0        25.0       471.0      985.0      90.0
C26        c          44.0       16.0       17.0       6.0        11.0       40.0       452.0      717.0      90.0
C37        c          40.0       67.0       28.0       17.0       11.0       45.0       481.0      568.0      90.0
C49        c          25.0       84.0       24.0       7.0        17.0       40.0       189.0      230.0      90.0
C52        c          62.0       87.0       27.0       19.0       8.0        35.0       529.0      1043.0     90.0
C61        c          70.0       55.0       28.0       22.0       6.0        50.0       815.0      1143.0     90.0
C67        c          46.0       34.0       12.0       9.0        3.0        30.0       576.0      1095.0     90.0
C71        c          19.0       81.0       10.0       2.0        8.0        35.0       586.0      709.0      90.0
C75        c          91.0       30.0       13.0       4.0        9.0        40.0       523.0      943.0      90.0
C80        c          65.0       85.0       18.0       14.0       4.0        35.0       749.0      977.0      90.0
C83        c          39.0       65.0       25.0       15.0       10.0       25.0       750.0      838.0      90.0
C85        c          40.0       8.0        22.0       4.0        18.0       35.0       689.0      1107.0     90.0
C93        c          42.0       66.0       10.0       6.0        4.0        40.0       464.0      936.0      90.0
C96        c          40.0       8.0        10.0       2.0        8.0        40.0       260.0      1131.0     90.0

L Large vehicle loading capacity /800.0/
C Electric vehicle loading capacity /100.0/
Q Electric vehicle battery capacity /79.7/
r Fuel consumption rate /1.0/
g Inverse refueling rate /3.4/
v Average velocity /1.0/
