StringID   Type       x          y          demand     DeliveryDemand  PickupDemand  DivisionRate ReadyTime  DueDate    ServiceTime
D0         d          50.0       150.0      0.0        0.0        0.0        0.0        0.0        9999.0     0.0
S1         s          50.0       25.0       0.0        0.0        0.0        0.0        0.0        9999.0     0.0
S6         s          50.0       75.0       0.0        0.0        0.0        0.0        0.0        9999.0     0.0
F_sS1      f          50.0       25.0       0.0        0.0        0.0        0.0        0.0        9999.0     0.0
F_sS6      f          50.0       75.0       0.0        0.0        0.0        0.0        0.0        9999.0     0.0
F12        f          19.0       29.0       0.0        0.0        0.0        0.0        0.0        9999.0     0.0
F5         f          36.0       39.0       0.0        0.0        0.0        0.0        0.0        9999.0     0.0
F18        f          60.0       42.0       0.0        0.0        0.0        0.0        0.0        9999.0     0.0
F17        f          29.0       34.0       0.0        0.0        0.0        0.0        0.0        9999.0     0.0
C0         c          31.0       29.0       16.0       15.0       1.0        20.0       594.0      1190.0     90.0
C8         c          90.0       39.0       18.0       8.0        10.0       20.0       394.0      771.0      90.0
C21        c          6.0        40.0       11.0       2.0        9.0        40.0       406.0      847.0      90.0
C28        c          52.0       28.0       23.0       12.0       11.0       30.0       957.0      974.0      90.0
C32        c          7.0        38.0       14.0       3.0        11.0       40.0       724.0      731.0      90.0
C45        c          60.0       79.0       30.0       23.0       7.0        40.0       425.0      1009.0     90.0
C47        c          19.0       55.0       12.0       4.0        8.0        35.0       489.0      862.0      90.0
C49        c          1.0        44.0       25.0       1.0        24.0       30.0       333.0      695.0      90.0
C52        c          22.0       86.0       10.0       3.0        7.0        30.0       336.0      553.0      90.0
C77        c          29.0       51.0       29.0       16.0       13.0       50.0       890.0      1166.0     90.0
C83        c          23.0       82.0       10.0       3.0        7.0        25.0       268.0      843.0      90.0
C87        c          28.0       29.0       12.0       12.0       0.0        45.0       198.0      845.0      90.0
C90        c          16.0       82.0       14.0       3.0        11.0       40.0       344.0      990.0      90.0
C92        c          9.0        42.0       18.0       4.0        14.0       30.0       272.0      523.0      90.0
C96        c          49.0       34.0       23.0       16.0       7.0        35.0       139.0      556.0      90.0

L Large vehicle loading capacity /800.0/
C Electric vehicle loading capacity /100.0/
Q Electric vehicle battery capacity /79.7/
r Fuel consumption rate /1.0/
g Inverse refueling rate /3.4/
v Average velocity /1.0/
