StringID   Type       x          y          demand     DeliveryDemand  PickupDemand  DivisionRate ReadyTime  DueDate    ServiceTime
D0         d          50.0       150.0      0.0        0.0        0.0        0.0        0.0        9999.0     0.0
S1         s          50.0       25.0       0.0        0.0        0.0        0.0        0.0        9999.0     0.0
S6         s          50.0       75.0       0.0        0.0        0.0        0.0        0.0        9999.0     0.0
F_sS1      f          50.0       25.0       0.0        0.0        0.0        0.0        0.0        9999.0     0.0
F_sS6      f          50.0       75.0       0.0        0.0        0.0        0.0        0.0        9999.0     0.0
F17        f          0.0        69.0       0.0        0.0        0.0        0.0        0.0        9999.0     0.0
F9         f          16.0       34.0       0.0        0.0        0.0        0.0        0.0        9999.0     0.0
F10        f          8.0        25.0       0.0        0.0        0.0        0.0        0.0        9999.0     0.0
F5         f          43.0       80.0       0.0        0.0        0.0        0.0        0.0        9999.0     0.0
C0         c          64.0       84.0       16.0       12.0       4.0        40.0       557.0      1108.0     90.0
C14        c          52.0       85.0       32.0       20.0       12.0       45.0       147.0      806.0      90.0
C15        c          18.0       51.0       23.0       8.0        15.0       50.0       282.0      318.0      90.0
C27        c          72.0       90.0       26.0       21.0       5.0        25.0       421.0      697.0      90.0
C28        c          58.0       83.0       27.0       19.0       8.0        25.0       467.0      1041.0     90.0
C40        c          82.0       60.0       19.0       14.0       5.0        50.0       619.0      883.0      90.0
C42        c          41.0       14.0       31.0       11.0       20.0       35.0       706.0      944.0      90.0
C43        c          72.0       55.0       12.0       9.0        3.0        40.0       317.0      653.0      90.0
C49        c          62.0       77.0       33.0       27.0       6.0        30.0       533.0      1235.0     90.0
C60        c          48.0       34.0       10.0       7.0        3.0        45.0       361.0      1126.0     90.0
C72        c          43.0       68.0       12.0       8.0        4.0        35.0       433.0      971.0      90.0
C78        c          64.0       80.0       31.0       25.0       6.0        50.0       194.0      829.0      90.0
C82        c          65.0       82.0       17.0       13.0       4.0        35.0       354.0      1139.0     90.0
C83        c          27.0       52.0       10.0       5.0        5.0        45.0       188.0      1093.0     90.0
C88        c          26.0       50.0       22.0       11.0       11.0       40.0       597.0      919.0      90.0

L Large vehicle loading capacity /800.0/
C Electric vehicle loading capacity /100.0/
Q Electric vehicle battery capacity /79.7/
r Fuel consumption rate /1.0/
g Inverse refueling rate /3.4/
v Average velocity /1.0/
