StringID   Type       x          y          demand     DeliveryDemand  PickupDemand  DivisionRate ReadyTime  DueDate    ServiceTime
D0         d          50.0       150.0      0.0        0.0        0.0        0.0        0.0        9999.0     0.0
S1         s          50.0       25.0       0.0        0.0        0.0        0.0        0.0        9999.0     0.0
S6         s          50.0       75.0       0.0        0.0        0.0        0.0        0.0        9999.0     0.0
F_sS1      f          50.0       25.0       0.0        0.0        0.0        0.0        0.0        9999.0     0.0
F_sS6      f          50.0       75.0       0.0        0.0        0.0        0.0        0.0        9999.0     0.0
F17        f          63.0       27.0       0.0        0.0        0.0        0.0        0.0        9999.0     0.0
F5         f          63.0       47.0       0.0        0.0        0.0        0.0        0.0        9999.0     0.0
F11        f          38.0       68.0       0.0        0.0        0.0        0.0        0.0        9999.0     0.0
F19        f          48.0       11.0       0.0        0.0        0.0        0.0        0.0        9999.0     0.0
C2         c          40.0       3.0        27.0       2.0        25.0       40.0       275.0      654.0      90.0
C3         c          23.0       33.0       10.0       7.0        3.0        35.0       317.0      750.0      90.0
C5         c          28.0       34.0       13.0       11.0       2.0        25.0       210.0      1109.0     90.0
C9         c          21.0       86.0       21.0       5.0        16.0       50.0       771.0      1168.0     90.0
C17        c          55.0       82.0       10.0       7.0        3.0        50.0       477.0      897.0      90.0
C27        c          16.0       74.0       25.0       5.0        20.0       40.0       233.0      272.0      90.0
C36        c          48.0       32.0       12.0       8.0        4.0        20.0       204.0      937.0      90.0
C45        c          46.0       33.0       15.0       11.0       4.0        50.0       346.0      686.0      90.0
C47        c          10.0       43.0       14.0       3.0        11.0       30.0       706.0      1089.0     90.0
C48        c          52.0       39.0       29.0       22.0       7.0        35.0       679.0      1032.0     90.0
C55        c          32.0       54.0       14.0       8.0        6.0        20.0       325.0      793.0      90.0
C57        c          59.0       84.0       19.0       13.0       6.0        20.0       198.0      941.0      90.0
C86        c          22.0       81.0       12.0       3.0        9.0        35.0       651.0      807.0      90.0
C92        c          71.0       82.0       33.0       29.0       4.0        35.0       419.0      1031.0     90.0
C96        c          84.0       37.0       11.0       5.0        6.0        25.0       420.0      828.0      90.0

L Large vehicle loading capacity /800.0/
C Electric vehicle loading capacity /100.0/
Q Electric vehicle battery capacity /79.7/
r Fuel consumption rate /1.0/
g Inverse refueling rate /3.4/
v Average velocity /1.0/
