StringID   Type       x          y          demand     DeliveryDemand  PickupDemand  DivisionRate ReadyTime  DueDate    ServiceTime
D0         d          50.0       150.0      0.0        0.0        0.0        0.0        0.0        9999.0     0.0
S1         s          50.0       25.0       0.0        0.0        0.0        0.0        0.0        9999.0     0.0
S6         s          50.0       75.0       0.0        0.0        0.0        0.0        0.0        9999.0     0.0
F_sS1      f          50.0       25.0       0.0        0.0        0.0        0.0        0.0        9999.0     0.0
F_sS6      f          50.0       75.0       0.0        0.0        0.0        0.0        0.0        9999.0     0.0
F0         f          57.0       53.0       0.0        0.0        0.0        0.0        0.0        9999.0     0.0       
F1         f          4.0        52.0       0.0        0.0        0.0        0.0        0.0        9999.0     0.0       
F14        f          25.0       41.0       0.0        0.0        0.0        0.0        0.0        9999.0     0.0       
F16        f          77.0       32.0       0.0        0.0        0.0        0.0        0.0        9999.0     0.0       
C16        c          51.0       29.0       29.0       16.0       13.0       40.0       539.0      984.0      90.0
C20        c          41.0       69.0       29.0       17.0       12.0       35.0       479.0      1065.0     90.0
C25        c          18.0       74.0       20.0       5.0        15.0       25.0       150.0      1204.0     90.0
C27        c          49.0       26.0       10.0       5.0        5.0        35.0       303.0      841.0      90.0
C32        c          54.0       79.0       10.0       7.0        3.0        30.0       145.0      706.0      90.0
C33        c          31.0       50.0       20.0       12.0       8.0        35.0       275.0      1142.0     90.0
C53        c          43.0       10.0       15.0       3.0        12.0       35.0       384.0      962.0      90.0
C59        c          90.0       29.0       10.0       3.0        7.0        20.0       256.0      883.0      90.0
C67        c          17.0       70.0       26.0       6.0        20.0       20.0       209.0      978.0      90.0
C68        c          57.0       82.0       14.0       10.0       4.0        40.0       415.0      1084.0     90.0
C71        c          88.0       29.0       10.0       3.0        7.0        50.0       398.0      880.0      90.0
C76        c          93.0       25.0       10.0       3.0        7.0        50.0       120.0      978.0      90.0
C89        c          39.0       67.0       14.0       8.0        6.0        20.0       356.0      931.0      90.0
C94        c          29.0       51.0       26.0       15.0       11.0       40.0       816.0      1146.0     90.0
C97        c          11.0       41.0       10.0       3.0        7.0        30.0       167.0      864.0      90.0

L Large vehicle loading capacity /800.0/
C Electric vehicle loading capacity /100.0/
Q Electric vehicle battery capacity /79.7/
r Fuel consumption rate /1.0/
g Inverse refueling rate /3.4/
v Average velocity /1.0/
