StringID   Type       x          y          demand     DeliveryDemand  PickupDemand  DivisionRate ReadyTime  DueDate    ServiceTime
D0         d          50.0       150.0      0.0        0.0        0.0        0.0        0.0        9999.0     0.0
S1         s          50.0       25.0       0.0        0.0        0.0        0.0        0.0        9999.0     0.0
S6         s          50.0       75.0       0.0        0.0        0.0        0.0        0.0        9999.0     0.0
F_sS1      f          50.0       25.0       0.0        0.0        0.0        0.0        0.0        9999.0     0.0
F_sS6      f          50.0       75.0       0.0        0.0        0.0        0.0        0.0        9999.0     0.0
F1         f          43.0       96.0       0.0        0.0        0.0        0.0        0.0        9999.0     0.0
F12        f          76.0       35.0       0.0        0.0        0.0        0.0        0.0        9999.0     0.0
F10        f          52.0       45.0       0.0        0.0        0.0        0.0        0.0        9999.0     0.0
F0         f          66.0       86.0       0.0        0.0        0.0        0.0        0.0        9999.0     0.0
C2         c          49.0       30.0       19.0       12.0       7.0        25.0       315.0      730.0      90.0
C20        c          28.0       56.0       34.0       17.0       17.0       30.0       414.0      766.0      90.0
C31        c          58.0       79.0       10.0       7.0        3.0        20.0       893.0      1005.0     90.0
C39        c          36.0       18.0       20.0       10.0       10.0       20.0       722.0      809.0      90.0
C53        c          64.0       83.0       10.0       8.0        2.0        35.0       303.0      319.0      90.0
C55        c          47.0       35.0       33.0       25.0       8.0        40.0       441.0      908.0      90.0
C62        c          52.0       78.0       21.0       14.0       7.0        40.0       751.0      1139.0     90.0
C63        c          86.0       38.0       10.0       4.0        6.0        25.0       321.0      1114.0     90.0
C66        c          64.0       80.0       17.0       14.0       3.0        30.0       360.0      609.0      90.0
C70        c          37.0       14.0       19.0       7.0        12.0       20.0       919.0      1054.0     90.0
C72        c          48.0       27.0       10.0       6.0        4.0        25.0       521.0      668.0      90.0
C81        c          22.0       72.0       14.0       4.0        10.0       25.0       444.0      1155.0     90.0
C91        c          66.0       56.0       28.0       24.0       4.0        30.0       153.0      464.0      90.0
C94        c          39.0       69.0       23.0       13.0       10.0       35.0       351.0      881.0      90.0
C99        c          12.0       71.0       17.0       3.0        14.0       35.0       376.0      810.0      90.0

L Large vehicle loading capacity /800.0/
C Electric vehicle loading capacity /100.0/
Q Electric vehicle battery capacity /79.7/
r Fuel consumption rate /1.0/
g Inverse refueling rate /3.4/
v Average velocity /1.0/
