StringID   Type       x          y          demand     DeliveryDemand  PickupDemand  DivisionRate ReadyTime  DueDate    ServiceTime
D0         d          50.0       150.0      0.0        0.0        0.0        0.0        0.0        9999.0     0.0
S1         s          50.0       25.0       0.0        0.0        0.0        0.0        0.0        9999.0     0.0
S6         s          50.0       75.0       0.0        0.0        0.0        0.0        0.0        9999.0     0.0
F_sS1      f          50.0       25.0       0.0        0.0        0.0        0.0        0.0        9999.0     0.0
F_sS6      f          50.0       75.0       0.0        0.0        0.0        0.0        0.0        9999.0     0.0
F9         f          63.0       17.0       0.0        0.0        0.0        0.0        0.0        9999.0     0.0
F12        f          78.0       11.0       0.0        0.0        0.0        0.0        0.0        9999.0     0.0
F7         f          40.0       20.0       0.0        0.0        0.0        0.0        0.0        9999.0     0.0
F2         f          29.0       64.0       0.0        0.0        0.0        0.0        0.0        9999.0     0.0
C12        c          46.0       31.0       25.0       17.0       8.0        45.0       669.0      717.0      90.0
C21        c          22.0       79.0       10.0       3.0        7.0        35.0       736.0      1122.0     90.0
C23        c          44.0       13.0       10.0       3.0        7.0        35.0       348.0      886.0      90.0
C26        c          61.0       86.0       18.0       13.0       5.0        20.0       317.0      1104.0     90.0
C40        c          30.0       31.0       16.0       15.0       1.0        40.0       590.0      703.0      90.0
C49        c          14.0       72.0       10.0       2.0        8.0        50.0       622.0      749.0      90.0
C57        c          71.0       59.0       39.0       32.0       7.0        30.0       800.0      1113.0     90.0
C61        c          33.0       33.0       23.0       23.0       0.0        25.0       778.0      1147.0     90.0
C73        c          20.0       37.0       31.0       17.0       14.0       50.0       270.0      489.0      90.0
C76        c          16.0       81.0       21.0       4.0        17.0       20.0       232.0      341.0      90.0
C78        c          42.0       68.0       28.0       17.0       11.0       20.0       475.0      513.0      90.0
C79        c          40.0       12.0       16.0       5.0        11.0       35.0       143.0      244.0      90.0
C80        c          7.0        41.0       22.0       4.0        18.0       25.0       648.0      1149.0     90.0
C83        c          25.0       53.0       16.0       8.0        8.0        25.0       264.0      630.0      90.0
C86        c          52.0       41.0       14.0       11.0       3.0        45.0       216.0      663.0      90.0

L Large vehicle loading capacity /800.0/
C Electric vehicle loading capacity /100.0/
Q Electric vehicle battery capacity /79.7/
r Fuel consumption rate /1.0/
g Inverse refueling rate /3.4/
v Average velocity /1.0/
