StringID   Type       x          y          demand     DeliveryDemand  PickupDemand  DivisionRate ReadyTime  DueDate    ServiceTime
D0         d          50.0       150.0      0.0        0.0        0.0        0.0        0.0        9999.0     0.0
S1         s          50.0       25.0       0.0        0.0        0.0        0.0        0.0        9999.0     0.0
S6         s          50.0       75.0       0.0        0.0        0.0        0.0        0.0        9999.0     0.0
F_sS1      f          50.0       25.0       0.0        0.0        0.0        0.0        0.0        9999.0     0.0
F_sS6      f          50.0       75.0       0.0        0.0        0.0        0.0        0.0        9999.0     0.0
F17        f          74.0       51.0       0.0        0.0        0.0        0.0        0.0        9999.0     0.0
F16        f          1.0        11.0       0.0        0.0        0.0        0.0        0.0        9999.0     0.0
F1         f          4.0        88.0       0.0        0.0        0.0        0.0        0.0        9999.0     0.0
F2         f          32.0       64.0       0.0        0.0        0.0        0.0        0.0        9999.0     0.0
C4         c          19.0       87.0       10.0       2.0        8.0        40.0       738.0      1183.0     90.0
C13        c          51.0       41.0       23.0       18.0       5.0        30.0       863.0      1081.0     90.0
C15        c          64.0       51.0       21.0       17.0       4.0        50.0       365.0      424.0      90.0
C24        c          47.0       40.0       32.0       27.0       5.0        40.0       456.0      561.0      90.0
C33        c          30.0       35.0       17.0       15.0       2.0        35.0       237.0      287.0      90.0
C41        c          42.0       13.0       28.0       9.0        19.0       25.0       173.0      411.0      90.0
C43        c          23.0       50.0       31.0       14.0       17.0       25.0       206.0      771.0      90.0
C50        c          21.0       82.0       19.0       5.0        14.0       50.0       399.0      821.0      90.0
C56        c          51.0       29.0       34.0       19.0       15.0       20.0       678.0      917.0      90.0
C60        c          11.0       37.0       10.0       3.0        7.0        30.0       474.0      987.0      90.0
C62        c          40.0       7.0        10.0       2.0        8.0        40.0       275.0      333.0      90.0
C63        c          35.0       0.0        16.0       0.0        16.0       20.0       574.0      1155.0     90.0
C69        c          66.0       56.0       10.0       8.0        2.0        20.0       1012.0     1061.0     90.0
C79        c          62.0       78.0       28.0       22.0       6.0        35.0       803.0      945.0      90.0
C82        c          4.0        37.0       24.0       3.0        21.0       25.0       589.0      998.0      90.0

L Large vehicle loading capacity /800.0/
C Electric vehicle loading capacity /100.0/
Q Electric vehicle battery capacity /79.7/
r Fuel consumption rate /1.0/
g Inverse refueling rate /3.4/
v Average velocity /1.0/
