StringID   Type       x          y          demand     DeliveryDemand  PickupDemand  DivisionRate ReadyTime  DueDate    ServiceTime
D0         d          50.0       150.0      0.0        0.0        0.0        0.0        0.0        9999.0     0.0
S1         s          50.0       25.0       0.0        0.0        0.0        0.0        0.0        9999.0     0.0
S6         s          50.0       75.0       0.0        0.0        0.0        0.0        0.0        9999.0     0.0
F_sS1      f          50.0       25.0       0.0        0.0        0.0        0.0        0.0        9999.0     0.0
F_sS6      f          50.0       75.0       0.0        0.0        0.0        0.0        0.0        9999.0     0.0
F4         f          90.0       23.0       0.0        0.0        0.0        0.0        0.0        9999.0     0.0
F2         f          48.0       17.0       0.0        0.0        0.0        0.0        0.0        9999.0     0.0
F7         f          31.0       42.0       0.0        0.0        0.0        0.0        0.0        9999.0     0.0
F15        f          44.0       66.0       0.0        0.0        0.0        0.0        0.0        9999.0     0.0
C0         c          5.0        45.0       10.0       1.0        9.0        45.0       210.0      474.0      90.0
C7         c          16.0       50.0       10.0       3.0        7.0        35.0       1032.0     1110.0     90.0
C8         c          77.0       57.0       24.0       18.0       6.0        20.0       337.0      509.0      90.0
C54        c          27.0       30.0       20.0       18.0       2.0        50.0       423.0      942.0      90.0
C55        c          85.0       30.0       23.0       8.0        15.0       50.0       680.0      898.0      90.0
C71        c          68.0       53.0       24.0       19.0       5.0        20.0       322.0      886.0      90.0
C74        c          51.0       38.0       10.0       7.0        3.0        35.0       488.0      677.0      90.0
C76        c          50.0       37.0       13.0       10.0       3.0        25.0       400.0      992.0      90.0
C87        c          26.0       37.0       10.0       7.0        3.0        20.0       377.0      929.0      90.0
C88        c          64.0       79.0       27.0       22.0       5.0        35.0       131.0      312.0      90.0
C91        c          63.0       56.0       28.0       25.0       3.0        30.0       260.0      451.0      90.0
C93        c          62.0       80.0       15.0       12.0       3.0        35.0       476.0      822.0      90.0
C94        c          31.0       52.0       29.0       17.0       12.0       50.0       860.0      871.0      90.0
C95        c          55.0       81.0       10.0       7.0        3.0        25.0       177.0      587.0      90.0
C99        c          89.0       31.0       15.0       5.0        10.0       35.0       300.0      593.0      90.0

L Large vehicle loading capacity /800.0/
C Electric vehicle loading capacity /100.0/
Q Electric vehicle battery capacity /79.7/
r Fuel consumption rate /1.0/
g Inverse refueling rate /3.4/
v Average velocity /1.0/
