StringID   Type       x          y          demand     DeliveryDemand  PickupDemand  DivisionRate ReadyTime  DueDate    ServiceTime
D0         d          50.0       150.0      0.0        0.0        0.0        0.0        0.0        9999.0     0.0
S1         s          50.0       25.0       0.0        0.0        0.0        0.0        0.0        9999.0     0.0
S6         s          50.0       75.0       0.0        0.0        0.0        0.0        0.0        9999.0     0.0
F_sS1      f          50.0       25.0       0.0        0.0        0.0        0.0        0.0        9999.0     0.0
F_sS6      f          50.0       75.0       0.0        0.0        0.0        0.0        0.0        9999.0     0.0
F12        f          65.0       44.0       0.0        0.0        0.0        0.0        0.0        9999.0     0.0
F19        f          24.0       20.0       0.0        0.0        0.0        0.0        0.0        9999.0     0.0
F3         f          1.0        38.0       0.0        0.0        0.0        0.0        0.0        9999.0     0.0
F11        f          57.0       69.0       0.0        0.0        0.0        0.0        0.0        9999.0     0.0
C20        c          29.0       52.0       31.0       17.0       14.0       35.0       427.0      567.0      90.0
C34        c          26.0       31.0       10.0       8.0        2.0        35.0       342.0      1234.0     90.0
C35        c          31.0       30.0       14.0       14.0       0.0        30.0       519.0      732.0      90.0
C37        c          19.0       80.0       25.0       6.0        19.0       20.0       982.0      1103.0     90.0
C49        c          21.0       50.0       11.0       5.0        6.0        25.0       431.0      472.0      90.0
C55        c          64.0       84.0       13.0       10.0       3.0        20.0       327.0      497.0      90.0
C57        c          66.0       54.0       10.0       8.0        2.0        50.0       695.0      902.0      90.0
C70        c          10.0       37.0       18.0       5.0        13.0       25.0       275.0      966.0      90.0
C74        c          38.0       67.0       35.0       20.0       15.0       35.0       795.0      908.0      90.0
C83        c          19.0       78.0       10.0       2.0        8.0        40.0       865.0      1167.0     90.0
C84        c          31.0       34.0       32.0       29.0       3.0        20.0       871.0      872.0      90.0
C85        c          58.0       86.0       22.0       15.0       7.0        30.0       194.0      400.0      90.0
C86        c          46.0       38.0       20.0       17.0       3.0        25.0       488.0      690.0      90.0
C89        c          70.0       58.0       10.0       8.0        2.0        20.0       176.0      591.0      90.0
C91        c          95.0       33.0       23.0       8.0        15.0       45.0       459.0      1138.0     90.0

L Large vehicle loading capacity /800.0/
C Electric vehicle loading capacity /100.0/
Q Electric vehicle battery capacity /79.7/
r Fuel consumption rate /1.0/
g Inverse refueling rate /3.4/
v Average velocity /1.0/
