StringID   Type       x          y          demand     DeliveryDemand  PickupDemand  DivisionRate ReadyTime  DueDate    ServiceTime
D0         d          50.0       150.0      0.0        0.0        0.0        0.0        0.0        9999.0     0.0
S1         s          50.0       25.0       0.0        0.0        0.0        0.0        0.0        9999.0     0.0
S6         s          50.0       75.0       0.0        0.0        0.0        0.0        0.0        9999.0     0.0
F_sS1      f          50.0       25.0       0.0        0.0        0.0        0.0        0.0        9999.0     0.0
F_sS6      f          50.0       75.0       0.0        0.0        0.0        0.0        0.0        9999.0     0.0
F5         f          39.0       47.0       0.0        0.0        0.0        0.0        0.0        9999.0     0.0
F0         f          55.0       12.0       0.0        0.0        0.0        0.0        0.0        9999.0     0.0
F2         f          39.0       83.0       0.0        0.0        0.0        0.0        0.0        9999.0     0.0
F19        f          71.0       22.0       0.0        0.0        0.0        0.0        0.0        9999.0     0.0
C20        c          95.0       34.0       11.0       4.0        7.0        25.0       411.0      831.0      90.0
C29        c          30.0       28.0       26.0       24.0       2.0        25.0       594.0      1166.0     90.0
C40        c          22.0       53.0       16.0       7.0        9.0        25.0       435.0      475.0      90.0
C42        c          29.0       34.0       20.0       17.0       3.0        40.0       523.0      1021.0     90.0
C44        c          29.0       52.0       13.0       7.0        6.0        40.0       328.0      760.0      90.0
C47        c          45.0       33.0       25.0       18.0       7.0        40.0       777.0      957.0      90.0
C48        c          53.0       30.0       16.0       9.0        7.0        25.0       539.0      840.0      90.0
C65        c          30.0       26.0       10.0       9.0        1.0        20.0       268.0      447.0      90.0
C68        c          41.0       67.0       38.0       23.0       15.0       30.0       281.0      617.0      90.0
C69        c          21.0       77.0       22.0       6.0        16.0       35.0       534.0      1161.0     90.0
C71        c          58.0       59.0       31.0       30.0       1.0        30.0       300.0      1099.0     90.0
C76        c          26.0       54.0       16.0       8.0        8.0        20.0       661.0      899.0      90.0
C88        c          58.0       78.0       10.0       7.0        3.0        30.0       840.0      854.0      90.0
C90        c          38.0       13.0       19.0       6.0        13.0       20.0       519.0      1109.0     90.0
C92        c          4.0        44.0       29.0       3.0        26.0       50.0       256.0      287.0      90.0

L Large vehicle loading capacity /800.0/
C Electric vehicle loading capacity /100.0/
Q Electric vehicle battery capacity /79.7/
r Fuel consumption rate /1.0/
g Inverse refueling rate /3.4/
v Average velocity /1.0/
