StringID   Type       x          y          demand     DeliveryDemand  PickupDemand  DivisionRate ReadyTime  DueDate    ServiceTime
D0         d          50.0       150.0      0.0        0.0        0.0        0.0        0.0        9999.0     0.0
S1         s          50.0       25.0       0.0        0.0        0.0        0.0        0.0        9999.0     0.0
S6         s          50.0       75.0       0.0        0.0        0.0        0.0        0.0        9999.0     0.0
F_sS1      f          50.0       25.0       0.0        0.0        0.0        0.0        0.0        9999.0     0.0
F_sS6      f          50.0       75.0       0.0        0.0        0.0        0.0        0.0        9999.0     0.0
F13        f          90.0       56.0       0.0        0.0        0.0        0.0        0.0        9999.0     0.0
F10        f          63.0       37.0       0.0        0.0        0.0        0.0        0.0        9999.0     0.0
F8         f          28.0       53.0       0.0        0.0        0.0        0.0        0.0        9999.0     0.0
F17        f          69.0       29.0       0.0        0.0        0.0        0.0        0.0        9999.0     0.0
C6         c          25.0       81.0       15.0       5.0        10.0       25.0       535.0      625.0      90.0
C12        c          46.0       34.0       22.0       16.0       6.0        30.0       572.0      836.0      90.0
C13        c          75.0       56.0       10.0       7.0        3.0        35.0       590.0      703.0      90.0
C19        c          27.0       54.0       15.0       8.0        7.0        25.0       671.0      1059.0     90.0
C33        c          0.0        42.0       17.0       0.0        17.0       35.0       732.0      845.0      90.0
C45        c          40.0       65.0       30.0       18.0       12.0       30.0       236.0      484.0      90.0
C52        c          63.0       58.0       25.0       23.0       2.0        25.0       481.0      1015.0     90.0
C65        c          72.0       58.0       25.0       20.0       5.0        50.0       192.0      897.0      90.0
C69        c          34.0       30.0       17.0       15.0       2.0        40.0       534.0      623.0      90.0
C72        c          41.0       10.0       23.0       6.0        17.0       35.0       512.0      650.0      90.0
C73        c          36.0       65.0       15.0       8.0        7.0        20.0       842.0      862.0      90.0
C83        c          39.0       70.0       20.0       11.0       9.0        45.0       747.0      910.0      90.0
C89        c          37.0       66.0       11.0       6.0        5.0        20.0       746.0      820.0      90.0
C93        c          7.0        44.0       10.0       2.0        8.0        50.0       271.0      696.0      90.0
C95        c          8.0        46.0       29.0       5.0        24.0       40.0       671.0      1165.0     90.0

L Large vehicle loading capacity /800.0/
C Electric vehicle loading capacity /100.0/
Q Electric vehicle battery capacity /79.7/
r Fuel consumption rate /1.0/
g Inverse refueling rate /3.4/
v Average velocity /1.0/
