StringID   Type       x          y          demand     DeliveryDemand  PickupDemand  DivisionRate ReadyTime  DueDate    ServiceTime
D0         d          50.0       150.0      0.0        0.0        0.0        0.0        0.0        9999.0     0.0
S1         s          50.0       25.0       0.0        0.0        0.0        0.0        0.0        9999.0     0.0
S6         s          50.0       75.0       0.0        0.0        0.0        0.0        0.0        9999.0     0.0
F_sS1      f          50.0       25.0       0.0        0.0        0.0        0.0        0.0        9999.0     0.0
F_sS6      f          50.0       75.0       0.0        0.0        0.0        0.0        0.0        9999.0     0.0
F11        f          52.0       64.0       0.0        0.0        0.0        0.0        0.0        9999.0     0.0
F10        f          67.0       26.0       0.0        0.0        0.0        0.0        0.0        9999.0     0.0
F9         f          33.0       90.0       0.0        0.0        0.0        0.0        0.0        9999.0     0.0
F4         f          6.0        72.0       0.0        0.0        0.0        0.0        0.0        9999.0     0.0
C3         c          58.0       85.0       10.0       7.0        3.0        25.0       459.0      1118.0     90.0
C12        c          42.0       67.0       16.0       10.0       6.0        25.0       553.0      834.0      90.0
C15        c          60.0       82.0       20.0       15.0       5.0        50.0       656.0      942.0      90.0
C20        c          14.0       73.0       10.0       2.0        8.0        40.0       124.0      1169.0     90.0
C31        c          49.0       32.0       23.0       15.0       8.0        35.0       280.0      1078.0     90.0
C32        c          29.0       31.0       28.0       26.0       2.0        35.0       752.0      1165.0     90.0
C39        c          43.0       71.0       10.0       6.0        4.0        30.0       535.0      690.0      90.0
C50        c          59.0       80.0       19.0       14.0       5.0        40.0       1152.0     1162.0     90.0
C51        c          48.0       36.0       18.0       14.0       4.0        30.0       278.0      1161.0     90.0
C52        c          43.0       67.0       21.0       13.0       8.0        20.0       141.0      474.0      90.0
C53        c          48.0       33.0       14.0       10.0       4.0        40.0       507.0      1052.0     90.0
C69        c          30.0       30.0       22.0       22.0       0.0        35.0       548.0      636.0      90.0
C77        c          38.0       70.0       20.0       11.0       9.0        30.0       846.0      853.0      90.0
C86        c          7.0        43.0       42.0       7.0        35.0       30.0       207.0      731.0      90.0
C90        c          40.0       68.0       14.0       8.0        6.0        30.0       426.0      891.0      90.0

L Large vehicle loading capacity /800.0/
C Electric vehicle loading capacity /100.0/
Q Electric vehicle battery capacity /79.7/
r Fuel consumption rate /1.0/
g Inverse refueling rate /3.4/
v Average velocity /1.0/
