StringID   Type       x          y          demand     DeliveryDemand  PickupDemand  DivisionRate ReadyTime  DueDate    ServiceTime
D0         d          50.0       150.0      0.0        0.0        0.0        0.0        0.0        9999.0     0.0
S1         s          50.0       25.0       0.0        0.0        0.0        0.0        0.0        9999.0     0.0
S6         s          50.0       75.0       0.0        0.0        0.0        0.0        0.0        9999.0     0.0
F_sS1      f          50.0       25.0       0.0        0.0        0.0        0.0        0.0        9999.0     0.0
F_sS6      f          50.0       75.0       0.0        0.0        0.0        0.0        0.0        9999.0     0.0
F13        f          63.0       48.0       0.0        0.0        0.0        0.0        0.0        9999.0     0.0
F3         f          7.0        26.0       0.0        0.0        0.0        0.0        0.0        9999.0     0.0
F5         f          39.0       17.0       0.0        0.0        0.0        0.0        0.0        9999.0     0.0
F12        f          71.0       73.0       0.0        0.0        0.0        0.0        0.0        9999.0     0.0
C1         c          49.0       30.0       10.0       6.0        4.0        50.0       104.0      1102.0     90.0
C4         c          36.0       66.0       17.0       9.0        8.0        30.0       369.0      598.0      90.0
C5         c          21.0       54.0       10.0       4.0        6.0        35.0       105.0      992.0      90.0
C6         c          17.0       54.0       19.0       6.0        13.0       25.0       698.0      1123.0     90.0
C18        c          65.0       59.0       18.0       16.0       2.0        40.0       136.0      978.0      90.0
C22        c          60.0       80.0       13.0       10.0       3.0        20.0       888.0      1190.0     90.0
C27        c          24.0       32.0       17.0       13.0       4.0        45.0       240.0      597.0      90.0
C52        c          40.0       8.0        19.0       4.0        15.0       40.0       805.0      1157.0     90.0
C65        c          21.0       86.0       22.0       5.0        17.0       40.0       274.0      538.0      90.0
C72        c          14.0       76.0       19.0       4.0        15.0       35.0       864.0      1004.0     90.0
C73        c          39.0       11.0       27.0       8.0        19.0       35.0       728.0      795.0      90.0
C76        c          32.0       36.0       36.0       32.0       4.0        50.0       540.0      662.0      90.0
C88        c          27.0       53.0       32.0       16.0       16.0       50.0       983.0      1129.0     90.0
C93        c          13.0       74.0       29.0       5.0        24.0       30.0       511.0      1026.0     90.0
C94        c          34.0       36.0       25.0       24.0       1.0        35.0       563.0      1118.0     90.0

L Large vehicle loading capacity /800.0/
C Electric vehicle loading capacity /100.0/
Q Electric vehicle battery capacity /79.7/
r Fuel consumption rate /1.0/
g Inverse refueling rate /3.4/
v Average velocity /1.0/
