StringID   Type       x          y          demand     DeliveryDemand  PickupDemand  DivisionRate ReadyTime  DueDate    ServiceTime
D0         d          50.0       150.0      0.0        0.0        0.0        0.0        0.0        9999.0     0.0
S1         s          50.0       25.0       0.0        0.0        0.0        0.0        0.0        9999.0     0.0
S6         s          50.0       75.0       0.0        0.0        0.0        0.0        0.0        9999.0     0.0
F_sS1      f          50.0       25.0       0.0        0.0        0.0        0.0        0.0        9999.0     0.0
F_sS6      f          50.0       75.0       0.0        0.0        0.0        0.0        0.0        9999.0     0.0
F4         f          85.0       78.0       0.0        0.0        0.0        0.0        0.0        9999.0     0.0
F16        f          56.0       66.0       0.0        0.0        0.0        0.0        0.0        9999.0     0.0
F7         f          0.0        59.0       0.0        0.0        0.0        0.0        0.0        9999.0     0.0
F17        f          90.0       56.0       0.0        0.0        0.0        0.0        0.0        9999.0     0.0
C4         c          4.0        43.0       16.0       1.0        15.0       45.0       833.0      1160.0     90.0
C16        c          41.0       13.0       14.0       4.0        10.0       40.0       267.0      656.0      90.0
C21        c          50.0       31.0       24.0       15.0       9.0        50.0       656.0      1045.0     90.0
C28        c          43.0       69.0       27.0       17.0       10.0       50.0       469.0      542.0      90.0
C45        c          37.0       66.0       16.0       9.0        7.0        20.0       379.0      924.0      90.0
C58        c          8.0        35.0       36.0       8.0        28.0       25.0       713.0      1079.0     90.0
C60        c          62.0       84.0       10.0       7.0        3.0        45.0       704.0      1058.0     90.0
C66        c          35.0       7.0        33.0       7.0        26.0       30.0       248.0      813.0      90.0
C71        c          50.0       29.0       17.0       10.0       7.0        20.0       485.0      899.0      90.0
C73        c          39.0       66.0       12.0       7.0        5.0        45.0       230.0      568.0      90.0
C74        c          86.0       25.0       29.0       8.0        21.0       40.0       164.0      897.0      90.0
C78        c          51.0       35.0       22.0       15.0       7.0        50.0       733.0      1176.0     90.0
C82        c          42.0       5.0        18.0       2.0        16.0       40.0       654.0      1037.0     90.0
C88        c          14.0       73.0       27.0       5.0        22.0       40.0       218.0      1018.0     90.0
C89        c          4.0        42.0       20.0       2.0        18.0       35.0       226.0      1062.0     90.0

L Large vehicle loading capacity /800.0/
C Electric vehicle loading capacity /100.0/
Q Electric vehicle battery capacity /79.7/
r Fuel consumption rate /1.0/
g Inverse refueling rate /3.4/
v Average velocity /1.0/
