StringID   Type       x          y          demand     DeliveryDemand  PickupDemand  DivisionRate ReadyTime  DueDate    ServiceTime
D0         d          50.0       150.0      0.0        0.0        0.0        0.0        0.0        9999.0     0.0
S1         s          50.0       25.0       0.0        0.0        0.0        0.0        0.0        9999.0     0.0
S6         s          50.0       75.0       0.0        0.0        0.0        0.0        0.0        9999.0     0.0
F_sS1      f          50.0       25.0       0.0        0.0        0.0        0.0        0.0        9999.0     0.0
F_sS6      f          50.0       75.0       0.0        0.0        0.0        0.0        0.0        9999.0     0.0
F13        f          20.0       41.0       0.0        0.0        0.0        0.0        0.0        9999.0     0.0
F16        f          54.0       39.0       0.0        0.0        0.0        0.0        0.0        9999.0     0.0
F6         f          20.0       96.0       0.0        0.0        0.0        0.0        0.0        9999.0     0.0
F7         f          56.0       54.0       0.0        0.0        0.0        0.0        0.0        9999.0     0.0
C1         c          18.0       76.0       21.0       5.0        16.0       20.0       277.0      529.0      90.0
C14        c          61.0       78.0       23.0       18.0       5.0        20.0       109.0      1211.0     90.0
C16        c          3.0        39.0       20.0       2.0        18.0       40.0       508.0      844.0      90.0
C17        c          28.0       31.0       27.0       24.0       3.0        35.0       219.0      641.0      90.0
C18        c          44.0       0.0        19.0       0.0        19.0       40.0       327.0      1054.0     90.0
C22        c          92.0       36.0       10.0       4.0        6.0        40.0       592.0      954.0      90.0
C28        c          64.0       56.0       10.0       9.0        1.0        30.0       129.0      971.0      90.0
C40        c          50.0       40.0       28.0       22.0       6.0        30.0       296.0      985.0      90.0
C43        c          28.0       51.0       22.0       12.0       10.0       35.0       577.0      654.0      90.0
C48        c          28.0       50.0       10.0       6.0        4.0        35.0       424.0      708.0      90.0
C63        c          43.0       21.0       10.0       5.0        5.0        35.0       484.0      694.0      90.0
C64        c          68.0       57.0       18.0       15.0       3.0        25.0       914.0      1056.0     90.0
C72        c          17.0       70.0       10.0       2.0        8.0        35.0       263.0      791.0      90.0
C75        c          20.0       87.0       19.0       4.0        15.0       20.0       286.0      538.0      90.0
C97        c          44.0       66.0       17.0       11.0       6.0        35.0       147.0      709.0      90.0

L Large vehicle loading capacity /800.0/
C Electric vehicle loading capacity /100.0/
Q Electric vehicle battery capacity /79.7/
r Fuel consumption rate /1.0/
g Inverse refueling rate /3.4/
v Average velocity /1.0/
