StringID   Type       x          y          demand     DeliveryDemand  PickupDemand  DivisionRate ReadyTime  DueDate    ServiceTime
D0         d          50.0       150.0      0.0        0.0        0.0        0.0        0.0        9999.0     0.0
S1         s          50.0       25.0       0.0        0.0        0.0        0.0        0.0        9999.0     0.0
S6         s          50.0       75.0       0.0        0.0        0.0        0.0        0.0        9999.0     0.0
F_sS1      f          50.0       25.0       0.0        0.0        0.0        0.0        0.0        9999.0     0.0
F_sS6      f          50.0       75.0       0.0        0.0        0.0        0.0        0.0        9999.0     0.0
F14        f          30.0       54.0       0.0        0.0        0.0        0.0        0.0        9999.0     0.0
F13        f          65.0       21.0       0.0        0.0        0.0        0.0        0.0        9999.0     0.0
F11        f          41.0       47.0       0.0        0.0        0.0        0.0        0.0        9999.0     0.0
F9         f          40.0       38.0       0.0        0.0        0.0        0.0        0.0        9999.0     0.0
C7         c          51.0       28.0       10.0       5.0        5.0        30.0       129.0      304.0      90.0
C18        c          37.0       0.0        16.0       0.0        16.0       20.0       188.0      1016.0     90.0
C25        c          50.0       35.0       23.0       16.0       7.0        50.0       217.0      368.0      90.0
C36        c          86.0       31.0       10.0       4.0        6.0        45.0       871.0      929.0      90.0
C38        c          20.0       78.0       31.0       8.0        23.0       20.0       667.0      692.0      90.0
C43        c          62.0       81.0       24.0       18.0       6.0        25.0       762.0      1008.0     90.0
C52        c          3.0        40.0       10.0       1.0        9.0        35.0       441.0      561.0      90.0
C56        c          37.0       32.0       16.0       14.0       2.0        40.0       440.0      994.0      90.0
C59        c          21.0       52.0       10.0       4.0        6.0        45.0       275.0      1019.0     90.0
C63        c          53.0       32.0       22.0       13.0       9.0        20.0       515.0      749.0      90.0
C66        c          90.0       32.0       23.0       8.0        15.0       35.0       183.0      872.0      90.0
C79        c          25.0       52.0       12.0       6.0        6.0        25.0       353.0      925.0      90.0
C82        c          45.0       69.0       10.0       7.0        3.0        20.0       186.0      378.0      90.0
C90        c          50.0       38.0       23.0       17.0       6.0        40.0       306.0      688.0      90.0
C99        c          21.0       82.0       15.0       4.0        11.0       35.0       1033.0     1209.0     90.0

L Large vehicle loading capacity /800.0/
C Electric vehicle loading capacity /100.0/
Q Electric vehicle battery capacity /79.7/
r Fuel consumption rate /1.0/
g Inverse refueling rate /3.4/
v Average velocity /1.0/
