StringID   Type       x          y          demand     DeliveryDemand  PickupDemand  DivisionRate ReadyTime  DueDate    ServiceTime
D0         d          50.0       150.0      0.0        0.0        0.0        0.0        0.0        9999.0     0.0
S1         s          50.0       25.0       0.0        0.0        0.0        0.0        0.0        9999.0     0.0
S6         s          50.0       75.0       0.0        0.0        0.0        0.0        0.0        9999.0     0.0
F_sS1      f          50.0       25.0       0.0        0.0        0.0        0.0        0.0        9999.0     0.0
F_sS6      f          50.0       75.0       0.0        0.0        0.0        0.0        0.0        9999.0     0.0
F20        f          56.0       35.0       0.0        0.0        0.0        0.0        0.0        9999.0     0.0
F12        f          36.0       73.0       0.0        0.0        0.0        0.0        0.0        9999.0     0.0
F15        f          71.0       36.0       0.0        0.0        0.0        0.0        0.0        9999.0     0.0
F17        f          0.0        58.0       0.0        0.0        0.0        0.0        0.0        9999.0     0.0
C8         c          33.0       67.0       24.0       12.0       12.0       30.0       860.0      1084.0     90.0
C9         c          40.0       14.0       10.0       4.0        6.0        45.0       163.0      979.0      90.0
C12        c          50.0       37.0       14.0       10.0       4.0        20.0       353.0      735.0      90.0
C20        c          42.0       65.0       36.0       23.0       13.0       45.0       783.0      1142.0     90.0
C28        c          34.0       32.0       50.0       47.0       3.0        40.0       246.0      503.0      90.0
C31        c          82.0       26.0       10.0       3.0        7.0        20.0       462.0      840.0      90.0
C38        c          42.0       2.0        21.0       1.0        20.0       50.0       334.0      610.0      90.0
C53        c          59.0       79.0       23.0       17.0       6.0        25.0       390.0      1114.0     90.0
C65        c          62.0       63.0       26.0       26.0       0.0        50.0       883.0      891.0      90.0
C69        c          18.0       80.0       19.0       4.0        15.0       40.0       551.0      1031.0     90.0
C73        c          27.0       54.0       11.0       6.0        5.0        50.0       197.0      599.0      90.0
C79        c          4.0        43.0       48.0       4.0        44.0       40.0       876.0      903.0      90.0
C83        c          28.0       32.0       32.0       28.0       4.0        25.0       152.0      1159.0     90.0
C92        c          24.0       52.0       10.0       5.0        5.0        35.0       136.0      272.0      90.0
C94        c          75.0       57.0       10.0       8.0        2.0        40.0       319.0      1128.0     90.0

L Large vehicle loading capacity /800.0/
C Electric vehicle loading capacity /100.0/
Q Electric vehicle battery capacity /79.7/
r Fuel consumption rate /1.0/
g Inverse refueling rate /3.4/
v Average velocity /1.0/
