StringID   Type       x          y          demand     DeliveryDemand  PickupDemand  DivisionRate ReadyTime  DueDate    ServiceTime
D0         d          50.0       150.0      0.0        0.0        0.0        0.0        0.0        9999.0     0.0
S1         s          50.0       25.0       0.0        0.0        0.0        0.0        0.0        9999.0     0.0
S6         s          50.0       75.0       0.0        0.0        0.0        0.0        0.0        9999.0     0.0
F_sS1      f          50.0       25.0       0.0        0.0        0.0        0.0        0.0        9999.0     0.0
F_sS6      f          50.0       75.0       0.0        0.0        0.0        0.0        0.0        9999.0     0.0
F9         f          34.0       46.0       0.0        0.0        0.0        0.0        0.0        9999.0     0.0
F6         f          81.0       95.0       0.0        0.0        0.0        0.0        0.0        9999.0     0.0
F20        f          26.0       58.0       0.0        0.0        0.0        0.0        0.0        9999.0     0.0
F16        f          23.0       11.0       0.0        0.0        0.0        0.0        0.0        9999.0     0.0
C1         c          73.0       58.0       42.0       33.0       9.0        40.0       632.0      1161.0     90.0
C10        c          83.0       26.0       22.0       7.0        15.0       50.0       322.0      854.0      90.0
C13        c          50.0       30.0       27.0       16.0       11.0       45.0       196.0      378.0      90.0
C17        c          6.0        38.0       13.0       2.0        11.0       35.0       542.0      823.0      90.0
C19        c          22.0       80.0       37.0       10.0       27.0       40.0       318.0      586.0      90.0
C46        c          64.0       58.0       16.0       14.0       2.0        40.0       350.0      1105.0     90.0
C49        c          24.0       33.0       27.0       20.0       7.0        35.0       1106.0     1133.0     90.0
C51        c          67.0       58.0       29.0       25.0       4.0        50.0       709.0      802.0      90.0
C62        c          48.0       35.0       12.0       9.0        3.0        35.0       511.0      706.0      90.0
C63        c          55.0       76.0       18.0       13.0       5.0        25.0       478.0      486.0      90.0
C65        c          73.0       55.0       18.0       14.0       4.0        45.0       496.0      615.0      90.0
C68        c          37.0       68.0       19.0       10.0       9.0        25.0       170.0      297.0      90.0
C71        c          43.0       12.0       23.0       6.0        17.0       50.0       530.0      982.0      90.0
C75        c          24.0       32.0       10.0       8.0        2.0        50.0       956.0      1178.0     90.0
C97        c          37.0       64.0       14.0       8.0        6.0        40.0       181.0      1086.0     90.0

L Large vehicle loading capacity /800.0/
C Electric vehicle loading capacity /100.0/
Q Electric vehicle battery capacity /79.7/
r Fuel consumption rate /1.0/
g Inverse refueling rate /3.4/
v Average velocity /1.0/
