StringID   Type       x          y          demand     DeliveryDemand  PickupDemand  DivisionRate ReadyTime  DueDate    ServiceTime
D0         d          50.0       150.0      0.0        0.0        0.0        0.0        0.0        9999.0     0.0
S1         s          50.0       25.0       0.0        0.0        0.0        0.0        0.0        9999.0     0.0
S6         s          50.0       75.0       0.0        0.0        0.0        0.0        0.0        9999.0     0.0
F_sS1      f          50.0       25.0       0.0        0.0        0.0        0.0        0.0        9999.0     0.0
F_sS6      f          50.0       75.0       0.0        0.0        0.0        0.0        0.0        9999.0     0.0
F4         f          74.0       64.0       0.0        0.0        0.0        0.0        0.0        9999.0     0.0
F9         f          57.0       42.0       0.0        0.0        0.0        0.0        0.0        9999.0     0.0
F5         f          0.0        54.0       0.0        0.0        0.0        0.0        0.0        9999.0     0.0
F20        f          24.0       59.0       0.0        0.0        0.0        0.0        0.0        9999.0     0.0
C2         c          38.0       66.0       10.0       6.0        4.0        50.0       352.0      435.0      90.0
C4         c          6.0        45.0       10.0       1.0        9.0        35.0       442.0      817.0      90.0
C16        c          51.0       36.0       29.0       20.0       9.0        50.0       741.0      1013.0     90.0
C17        c          43.0       7.0        10.0       2.0        8.0        35.0       909.0      931.0      90.0
C20        c          32.0       68.0       11.0       5.0        6.0        30.0       357.0      670.0      90.0
C29        c          42.0       14.0       10.0       3.0        7.0        40.0       258.0      825.0      90.0
C43        c          3.0        42.0       11.0       1.0        10.0       45.0       482.0      651.0      90.0
C51        c          62.0       75.0       25.0       21.0       4.0        50.0       178.0      273.0      90.0
C54        c          9.0        43.0       23.0       5.0        18.0       20.0       791.0      1089.0     90.0
C55        c          39.0       11.0       43.0       12.0       31.0       30.0       1063.0     1148.0     90.0
C58        c          69.0       58.0       15.0       13.0       2.0        30.0       496.0      694.0      90.0
C60        c          24.0       54.0       10.0       4.0        6.0        25.0       304.0      1054.0     90.0
C66        c          45.0       33.0       10.0       7.0        3.0        50.0       528.0      1216.0     90.0
C75        c          0.0        42.0       18.0       0.0        18.0       25.0       240.0      1006.0     90.0
C94        c          41.0       67.0       27.0       17.0       10.0       40.0       164.0      712.0      90.0

L Large vehicle loading capacity /800.0/
C Electric vehicle loading capacity /100.0/
Q Electric vehicle battery capacity /79.7/
r Fuel consumption rate /1.0/
g Inverse refueling rate /3.4/
v Average velocity /1.0/
