StringID   Type       x          y          demand     DeliveryDemand  PickupDemand  DivisionRate ReadyTime  DueDate    ServiceTime
D0         d          50.0       150.0      0.0        0.0        0.0        0.0        0.0        9999.0     0.0
S1         s          50.0       25.0       0.0        0.0        0.0        0.0        0.0        9999.0     0.0
S6         s          50.0       75.0       0.0        0.0        0.0        0.0        0.0        9999.0     0.0
F_sS1      f          50.0       25.0       0.0        0.0        0.0        0.0        0.0        9999.0     0.0
F_sS6      f          50.0       75.0       0.0        0.0        0.0        0.0        0.0        9999.0     0.0
F13        f          19.0       11.0       0.0        0.0        0.0        0.0        0.0        9999.0     0.0
F18        f          6.0        47.0       0.0        0.0        0.0        0.0        0.0        9999.0     0.0
F7         f          46.0       83.0       0.0        0.0        0.0        0.0        0.0        9999.0     0.0
F17        f          0.0        70.0       0.0        0.0        0.0        0.0        0.0        9999.0     0.0
C2         c          63.0       83.0       31.0       24.0       7.0        35.0       476.0      814.0      90.0
C5         c          31.0       54.0       37.0       21.0       16.0       30.0       290.0      443.0      90.0
C15        c          26.0       53.0       10.0       5.0        5.0        35.0       899.0      959.0      90.0
C16        c          31.0       31.0       30.0       30.0       0.0        50.0       239.0      537.0      90.0
C42        c          42.0       7.0        18.0       3.0        15.0       25.0       563.0      988.0      90.0
C49        c          57.0       81.0       21.0       15.0       6.0        20.0       114.0      727.0      90.0
C54        c          63.0       78.0       10.0       8.0        2.0        25.0       402.0      1086.0     90.0
C57        c          10.0       41.0       11.0       3.0        8.0        25.0       610.0      861.0      90.0
C60        c          59.0       80.0       10.0       7.0        3.0        30.0       245.0      390.0      90.0
C74        c          28.0       33.0       20.0       17.0       3.0        30.0       146.0      629.0      90.0
C78        c          19.0       84.0       26.0       6.0        20.0       35.0       927.0      1142.0     90.0
C88        c          49.0       40.0       13.0       11.0       2.0        20.0       408.0      1059.0     90.0
C94        c          62.0       80.0       27.0       21.0       6.0        35.0       1040.0     1080.0     90.0
C97        c          39.0       15.0       10.0       4.0        6.0        40.0       315.0      466.0      90.0
C99        c          78.0       55.0       24.0       17.0       7.0        50.0       144.0      361.0      90.0

L Large vehicle loading capacity /800.0/
C Electric vehicle loading capacity /100.0/
Q Electric vehicle battery capacity /79.7/
r Fuel consumption rate /1.0/
g Inverse refueling rate /3.4/
v Average velocity /1.0/
