StringID   Type       x          y          demand     DeliveryDemand  PickupDemand  DivisionRate ReadyTime  DueDate    ServiceTime
D0         d          50.0       150.0      0.0        0.0        0.0        0.0        0.0        9999.0     0.0
S1         s          50.0       25.0       0.0        0.0        0.0        0.0        0.0        9999.0     0.0
S6         s          50.0       75.0       0.0        0.0        0.0        0.0        0.0        9999.0     0.0
F_sS1      f          50.0       25.0       0.0        0.0        0.0        0.0        0.0        9999.0     0.0
F_sS6      f          50.0       75.0       0.0        0.0        0.0        0.0        0.0        9999.0     0.0
F12        f          80.0       50.0       0.0        0.0        0.0        0.0        0.0        9999.0     0.0
F4         f          54.0       73.0       0.0        0.0        0.0        0.0        0.0        9999.0     0.0
F17        f          39.0       50.0       0.0        0.0        0.0        0.0        0.0        9999.0     0.0
F13        f          49.0       28.0       0.0        0.0        0.0        0.0        0.0        9999.0     0.0
C0         c          26.0       35.0       10.0       7.0        3.0        25.0       305.0      1041.0     90.0
C16        c          40.0       15.0       11.0       4.0        7.0        45.0       673.0      904.0      90.0
C18        c          70.0       59.0       10.0       8.0        2.0        35.0       290.0      1202.0     90.0
C27        c          28.0       56.0       40.0       20.0       20.0       20.0       433.0      1046.0     90.0
C32        c          67.0       56.0       34.0       28.0       6.0        45.0       405.0      728.0      90.0
C37        c          28.0       30.0       18.0       17.0       1.0        35.0       838.0      1032.0     90.0
C44        c          90.0       27.0       10.0       3.0        7.0        30.0       321.0      985.0      90.0
C47        c          61.0       77.0       25.0       20.0       5.0        50.0       699.0      898.0      90.0
C54        c          4.0        39.0       30.0       3.0        27.0       35.0       419.0      1159.0     90.0
C63        c          25.0       54.0       23.0       11.0       12.0       40.0       452.0      780.0      90.0
C70        c          92.0       37.0       10.0       4.0        6.0        45.0       196.0      441.0      90.0
C73        c          51.0       35.0       10.0       7.0        3.0        35.0       154.0      1088.0     90.0
C76        c          28.0       33.0       17.0       14.0       3.0        25.0       334.0      578.0      90.0
C92        c          40.0       4.0        10.0       1.0        9.0        30.0       409.0      910.0      90.0
C98        c          60.0       78.0       16.0       12.0       4.0        30.0       336.0      727.0      90.0

L Large vehicle loading capacity /800.0/
C Electric vehicle loading capacity /100.0/
Q Electric vehicle battery capacity /79.7/
r Fuel consumption rate /1.0/
g Inverse refueling rate /3.4/
v Average velocity /1.0/
