StringID   Type       x          y          demand     DeliveryDemand  PickupDemand  DivisionRate ReadyTime  DueDate    ServiceTime
D0         d          50.0       150.0      0.0        0.0        0.0        0.0        0.0        9999.0     0.0
S1         s          50.0       25.0       0.0        0.0        0.0        0.0        0.0        9999.0     0.0
S6         s          50.0       75.0       0.0        0.0        0.0        0.0        0.0        9999.0     0.0
F_sS1      f          50.0       25.0       0.0        0.0        0.0        0.0        0.0        9999.0     0.0
F_sS6      f          50.0       75.0       0.0        0.0        0.0        0.0        0.0        9999.0     0.0
F16        f          90.0       19.0       0.0        0.0        0.0        0.0        0.0        9999.0     0.0
F9         f          12.0       79.0       0.0        0.0        0.0        0.0        0.0        9999.0     0.0
F13        f          36.0       75.0       0.0        0.0        0.0        0.0        0.0        9999.0     0.0
F11        f          49.0       48.0       0.0        0.0        0.0        0.0        0.0        9999.0     0.0
C19        c          90.0       34.0       24.0       9.0        15.0       35.0       557.0      942.0      90.0
C23        c          42.0       69.0       31.0       19.0       12.0       35.0       491.0      898.0      90.0
C25        c          35.0       35.0       10.0       10.0       0.0        25.0       791.0      849.0      90.0
C27        c          48.0       37.0       10.0       8.0        2.0        40.0       369.0      618.0      90.0
C30        c          24.0       54.0       22.0       10.0       12.0       40.0       168.0      874.0      90.0
C38        c          38.0       13.0       25.0       9.0        16.0       35.0       246.0      664.0      90.0
C58        c          25.0       35.0       16.0       11.0       5.0        30.0       669.0      1156.0     90.0
C61        c          56.0       83.0       18.0       12.0       6.0        40.0       379.0      777.0      90.0
C69        c          67.0       83.0       10.0       8.0        2.0        40.0       214.0      362.0      90.0
C72        c          53.0       77.0       10.0       7.0        3.0        25.0       758.0      1059.0     90.0
C74        c          25.0       53.0       10.0       5.0        5.0        40.0       271.0      774.0      90.0
C76        c          16.0       53.0       10.0       3.0        7.0        35.0       875.0      1064.0     90.0
C79        c          20.0       82.0       17.0       4.0        13.0       35.0       929.0      1095.0     90.0
C86        c          44.0       10.0       18.0       4.0        14.0       30.0       833.0      1044.0     90.0
C93        c          66.0       81.0       14.0       11.0       3.0        20.0       296.0      567.0      90.0

L Large vehicle loading capacity /800.0/
C Electric vehicle loading capacity /100.0/
Q Electric vehicle battery capacity /79.7/
r Fuel consumption rate /1.0/
g Inverse refueling rate /3.4/
v Average velocity /1.0/
