StringID   Type       x          y          demand     DeliveryDemand  PickupDemand  DivisionRate ReadyTime  DueDate    ServiceTime
D0         d          50.0       150.0      0.0        0.0        0.0        0.0        0.0        9999.0     0.0
S1         s          50.0       25.0       0.0        0.0        0.0        0.0        0.0        9999.0     0.0
S6         s          50.0       75.0       0.0        0.0        0.0        0.0        0.0        9999.0     0.0
F_sS1      f          50.0       25.0       0.0        0.0        0.0        0.0        0.0        9999.0     0.0
F_sS6      f          50.0       75.0       0.0        0.0        0.0        0.0        0.0        9999.0     0.0
F9         f          43.0       46.0       0.0        0.0        0.0        0.0        0.0        9999.0     0.0
F2         f          2.0        61.0       0.0        0.0        0.0        0.0        0.0        9999.0     0.0
F1         f          76.0       89.0       0.0        0.0        0.0        0.0        0.0        9999.0     0.0
F6         f          79.0       85.0       0.0        0.0        0.0        0.0        0.0        9999.0     0.0
C2         c          31.0       32.0       19.0       18.0       1.0        40.0       233.0      466.0      90.0
C7         c          1.0        32.0       10.0       0.0        10.0       50.0       297.0      872.0      90.0
C11        c          24.0       84.0       16.0       5.0        11.0       50.0       478.0      1151.0     90.0
C17        c          50.0       39.0       21.0       16.0       5.0        30.0       544.0      1026.0     90.0
C26        c          51.0       34.0       22.0       15.0       7.0        45.0       592.0      1036.0     90.0
C32        c          39.0       7.0        11.0       2.0        9.0        35.0       374.0      585.0      90.0
C35        c          66.0       60.0       26.0       24.0       2.0        45.0       250.0      264.0      90.0
C48        c          70.0       61.0       10.0       9.0        1.0        40.0       792.0      914.0      90.0
C57        c          35.0       35.0       10.0       10.0       0.0        35.0       153.0      1149.0     90.0
C68        c          40.0       71.0       12.0       7.0        5.0        20.0       678.0      1104.0     90.0
C74        c          30.0       31.0       26.0       25.0       1.0        30.0       759.0      936.0      90.0
C75        c          39.0       7.0        13.0       2.0        11.0       40.0       250.0      800.0      90.0
C83        c          28.0       29.0       30.0       29.0       1.0        40.0       995.0      1211.0     90.0
C86        c          61.0       85.0       10.0       7.0        3.0        35.0       354.0      614.0      90.0
C95        c          30.0       31.0       28.0       27.0       1.0        30.0       530.0      670.0      90.0

L Large vehicle loading capacity /800.0/
C Electric vehicle loading capacity /100.0/
Q Electric vehicle battery capacity /79.7/
r Fuel consumption rate /1.0/
g Inverse refueling rate /3.4/
v Average velocity /1.0/
