StringID   Type       x          y          demand     DeliveryDemand  PickupDemand  DivisionRate ReadyTime  DueDate    ServiceTime
D0         d          50.0       150.0      0.0        0.0        0.0        0.0        0.0        9999.0     0.0
S1         s          50.0       25.0       0.0        0.0        0.0        0.0        0.0        9999.0     0.0
S6         s          50.0       75.0       0.0        0.0        0.0        0.0        0.0        9999.0     0.0
F_sS1      f          50.0       25.0       0.0        0.0        0.0        0.0        0.0        9999.0     0.0
F_sS6      f          50.0       75.0       0.0        0.0        0.0        0.0        0.0        9999.0     0.0
F3         f          49.0       56.0       0.0        0.0        0.0        0.0        0.0        9999.0     0.0
F19        f          75.0       11.0       0.0        0.0        0.0        0.0        0.0        9999.0     0.0
F5         f          68.0       55.0       0.0        0.0        0.0        0.0        0.0        9999.0     0.0
F0         f          40.0       91.0       0.0        0.0        0.0        0.0        0.0        9999.0     0.0
C5         c          39.0       65.0       10.0       6.0        4.0        40.0       875.0      1134.0     90.0
C13        c          30.0       55.0       16.0       9.0        7.0        40.0       646.0      980.0      90.0
C37        c          93.0       39.0       19.0       8.0        11.0       40.0       610.0      1170.0     90.0
C39        c          21.0       52.0       16.0       6.0        10.0       45.0       903.0      968.0      90.0
C41        c          33.0       31.0       16.0       15.0       1.0        40.0       931.0      1037.0     90.0
C55        c          26.0       30.0       10.0       9.0        1.0        20.0       1145.0     1163.0     90.0
C58        c          41.0       10.0       10.0       2.0        8.0        45.0       922.0      1109.0     90.0
C61        c          29.0       32.0       15.0       14.0       1.0        20.0       920.0      944.0      90.0
C64        c          49.0       32.0       28.0       18.0       10.0       35.0       170.0      283.0      90.0
C73        c          32.0       31.0       10.0       10.0       0.0        30.0       611.0      1031.0     90.0
C77        c          49.0       33.0       10.0       7.0        3.0        50.0       212.0      320.0      90.0
C78        c          44.0       67.0       11.0       7.0        4.0        40.0       994.0      1154.0     90.0
C87        c          21.0       77.0       24.0       7.0        17.0       40.0       803.0      873.0      90.0
C93        c          34.0       12.0       26.0       9.0        17.0       50.0       199.0      763.0      90.0
C97        c          64.0       61.0       25.0       24.0       1.0        35.0       543.0      796.0      90.0

L Large vehicle loading capacity /800.0/
C Electric vehicle loading capacity /100.0/
Q Electric vehicle battery capacity /79.7/
r Fuel consumption rate /1.0/
g Inverse refueling rate /3.4/
v Average velocity /1.0/
