StringID   Type       x          y          demand     DeliveryDemand  PickupDemand  DivisionRate ReadyTime  DueDate    ServiceTime
D0         d          50.0       150.0      0.0        0.0        0.0        0.0        0.0        9999.0     0.0
S1         s          50.0       25.0       0.0        0.0        0.0        0.0        0.0        9999.0     0.0
S6         s          50.0       75.0       0.0        0.0        0.0        0.0        0.0        9999.0     0.0
F_sS1      f          50.0       25.0       0.0        0.0        0.0        0.0        0.0        9999.0     0.0
F_sS6      f          50.0       75.0       0.0        0.0        0.0        0.0        0.0        9999.0     0.0
F8         f          78.0       26.0       0.0        0.0        0.0        0.0        0.0        9999.0     0.0
F16        f          13.0       28.0       0.0        0.0        0.0        0.0        0.0        9999.0     0.0
F4         f          38.0       90.0       0.0        0.0        0.0        0.0        0.0        9999.0     0.0
F19        f          90.0       27.0       0.0        0.0        0.0        0.0        0.0        9999.0     0.0
C12        c          94.0       32.0       16.0       5.0        11.0       25.0       187.0      841.0      90.0
C26        c          30.0       32.0       17.0       16.0       1.0        20.0       416.0      1215.0     90.0
C34        c          55.0       80.0       13.0       9.0        4.0        35.0       238.0      278.0      90.0
C36        c          38.0       33.0       10.0       9.0        1.0        50.0       342.0      670.0      90.0
C37        c          21.0       57.0       12.0       4.0        8.0        50.0       135.0      872.0      90.0
C45        c          22.0       53.0       10.0       4.0        6.0        45.0       514.0      999.0      90.0
C48        c          33.0       69.0       16.0       8.0        8.0        40.0       196.0      673.0      90.0
C49        c          50.0       36.0       17.0       12.0       5.0        40.0       223.0      838.0      90.0
C57        c          46.0       69.0       26.0       17.0       9.0        40.0       917.0      973.0      90.0
C59        c          32.0       34.0       10.0       9.0        1.0        25.0       143.0      1117.0     90.0
C61        c          45.0       70.0       12.0       8.0        4.0        40.0       421.0      927.0      90.0
C65        c          41.0       70.0       10.0       6.0        4.0        25.0       449.0      987.0      90.0
C71        c          38.0       1.0        13.0       0.0        13.0       35.0       525.0      740.0      90.0
C88        c          48.0       69.0       10.0       7.0        3.0        40.0       591.0      661.0      90.0
C89        c          75.0       54.0       26.0       19.0       7.0        45.0       936.0      978.0      90.0

L Large vehicle loading capacity /800.0/
C Electric vehicle loading capacity /100.0/
Q Electric vehicle battery capacity /79.7/
r Fuel consumption rate /1.0/
g Inverse refueling rate /3.4/
v Average velocity /1.0/
