StringID   Type       x          y          demand     DeliveryDemand  PickupDemand  DivisionRate ReadyTime  DueDate    ServiceTime
D0         d          50.0       150.0      0.0        0.0        0.0        0.0        0.0        9999.0     0.0
S1         s          50.0       25.0       0.0        0.0        0.0        0.0        0.0        9999.0     0.0
S6         s          50.0       75.0       0.0        0.0        0.0        0.0        0.0        9999.0     0.0
F_sS1      f          50.0       25.0       0.0        0.0        0.0        0.0        0.0        9999.0     0.0
F_sS6      f          50.0       75.0       0.0        0.0        0.0        0.0        0.0        9999.0     0.0
F20        f          54.0       71.0       0.0        0.0        0.0        0.0        0.0        9999.0     0.0
F6         f          23.0       15.0       0.0        0.0        0.0        0.0        0.0        9999.0     0.0
F15        f          78.0       19.0       0.0        0.0        0.0        0.0        0.0        9999.0     0.0
F10        f          50.0       32.0       0.0        0.0        0.0        0.0        0.0        9999.0     0.0
C9         c          60.0       83.0       17.0       12.0       5.0        35.0       221.0      649.0      90.0
C17        c          21.0       76.0       10.0       3.0        7.0        30.0       671.0      1020.0     90.0
C25        c          25.0       54.0       16.0       7.0        9.0        25.0       184.0      1144.0     90.0
C28        c          29.0       31.0       11.0       10.0       1.0        25.0       196.0      467.0      90.0
C48        c          36.0       67.0       33.0       18.0       15.0       35.0       438.0      896.0      90.0
C56        c          49.0       29.0       10.0       6.0        4.0        45.0       672.0      1144.0     90.0
C59        c          26.0       54.0       33.0       16.0       17.0       30.0       221.0      815.0      90.0
C65        c          21.0       53.0       30.0       12.0       18.0       30.0       565.0      1079.0     90.0
C66        c          7.0        44.0       12.0       2.0        10.0       40.0       261.0      364.0      90.0
C69        c          49.0       34.0       10.0       7.0        3.0        30.0       443.0      974.0      90.0
C76        c          25.0       52.0       32.0       15.0       17.0       25.0       957.0      1225.0     90.0
C78        c          26.0       34.0       15.0       11.0       4.0        20.0       413.0      753.0      90.0
C81        c          40.0       10.0       31.0       8.0        23.0       45.0       386.0      743.0      90.0
C90        c          41.0       65.0       10.0       6.0        4.0        25.0       623.0      1016.0     90.0
C96        c          20.0       82.0       10.0       2.0        8.0        50.0       484.0      610.0      90.0

L Large vehicle loading capacity /800.0/
C Electric vehicle loading capacity /100.0/
Q Electric vehicle battery capacity /79.7/
r Fuel consumption rate /1.0/
g Inverse refueling rate /3.4/
v Average velocity /1.0/
