StringID   Type       x          y          demand     DeliveryDemand  PickupDemand  DivisionRate ReadyTime  DueDate    ServiceTime
D0         d          50.0       150.0      0.0        0.0        0.0        0.0        0.0        9999.0     0.0
S1         s          50.0       25.0       0.0        0.0        0.0        0.0        0.0        9999.0     0.0
S6         s          50.0       75.0       0.0        0.0        0.0        0.0        0.0        9999.0     0.0
F_sS1      f          50.0       25.0       0.0        0.0        0.0        0.0        0.0        9999.0     0.0
F_sS6      f          50.0       75.0       0.0        0.0        0.0        0.0        0.0        9999.0     0.0
F17        f          27.0       45.0       0.0        0.0        0.0        0.0        0.0        9999.0     0.0
F4         f          63.0       36.0       0.0        0.0        0.0        0.0        0.0        9999.0     0.0
F3         f          64.0       96.0       0.0        0.0        0.0        0.0        0.0        9999.0     0.0
F0         f          0.0        80.0       0.0        0.0        0.0        0.0        0.0        9999.0     0.0
C9         c          45.0       67.0       25.0       17.0       8.0        35.0       934.0      1019.0     90.0
C11        c          19.0       81.0       28.0       7.0        21.0       40.0       467.0      588.0      90.0
C24        c          66.0       81.0       25.0       20.0       5.0        50.0       199.0      304.0      90.0
C30        c          60.0       88.0       13.0       9.0        4.0        35.0       568.0      855.0      90.0
C36        c          48.0       38.0       30.0       24.0       6.0        50.0       574.0      967.0      90.0
C40        c          64.0       60.0       21.0       20.0       1.0        25.0       194.0      906.0      90.0
C49        c          32.0       31.0       29.0       28.0       1.0        50.0       498.0      616.0      90.0
C61        c          31.0       51.0       24.0       15.0       9.0        45.0       109.0      355.0      90.0
C63        c          92.0       33.0       40.0       14.0       26.0       50.0       142.0      449.0      90.0
C72        c          39.0       65.0       18.0       11.0       7.0        50.0       668.0      1171.0     90.0
C75        c          50.0       33.0       28.0       18.0       10.0       30.0       657.0      689.0      90.0
C78        c          85.0       30.0       31.0       11.0       20.0       20.0       152.0      1097.0     90.0
C88        c          43.0       9.0        21.0       4.0        17.0       35.0       481.0      800.0      90.0
C89        c          64.0       56.0       31.0       27.0       4.0        40.0       837.0      1044.0     90.0
C90        c          46.0       33.0       10.0       7.0        3.0        45.0       632.0      781.0      90.0

L Large vehicle loading capacity /800.0/
C Electric vehicle loading capacity /100.0/
Q Electric vehicle battery capacity /79.7/
r Fuel consumption rate /1.0/
g Inverse refueling rate /3.4/
v Average velocity /1.0/
