StringID   Type       x          y          demand     DeliveryDemand  PickupDemand  DivisionRate ReadyTime  DueDate    ServiceTime
D0         d          50.0       150.0      0.0        0.0        0.0        0.0        0.0        9999.0     0.0
S1         s          50.0       25.0       0.0        0.0        0.0        0.0        0.0        9999.0     0.0
S6         s          50.0       75.0       0.0        0.0        0.0        0.0        0.0        9999.0     0.0
F_sS1      f          50.0       25.0       0.0        0.0        0.0        0.0        0.0        9999.0     0.0
F_sS6      f          50.0       75.0       0.0        0.0        0.0        0.0        0.0        9999.0     0.0
F8         f          90.0       48.0       0.0        0.0        0.0        0.0        0.0        9999.0     0.0
F11        f          41.0       48.0       0.0        0.0        0.0        0.0        0.0        9999.0     0.0
F17        f          33.0       96.0       0.0        0.0        0.0        0.0        0.0        9999.0     0.0
F18        f          46.0       38.0       0.0        0.0        0.0        0.0        0.0        9999.0     0.0
C3         c          62.0       77.0       15.0       12.0       3.0        40.0       712.0      834.0      90.0
C4         c          32.0       32.0       12.0       12.0       0.0        25.0       598.0      1094.0     90.0
C13        c          95.0       33.0       10.0       3.0        7.0        40.0       302.0      340.0      90.0
C16        c          67.0       57.0       28.0       24.0       4.0        35.0       856.0      946.0      90.0
C23        c          41.0       11.0       44.0       12.0       32.0       40.0       331.0      533.0      90.0
C33        c          44.0       66.0       33.0       22.0       11.0       35.0       387.0      424.0      90.0
C39        c          31.0       35.0       25.0       22.0       3.0        50.0       250.0      521.0      90.0
C55        c          44.0       68.0       15.0       10.0       5.0        45.0       551.0      816.0      90.0
C63        c          3.0        42.0       10.0       1.0        9.0        50.0       514.0      976.0      90.0
C67        c          40.0       9.0        12.0       3.0        9.0        50.0       490.0      787.0      90.0
C69        c          46.0       68.0       15.0       10.0       5.0        40.0       968.0      976.0      90.0
C75        c          60.0       87.0       13.0       9.0        4.0        35.0       108.0      630.0      90.0
C77        c          51.0       32.0       13.0       8.0        5.0        35.0       548.0      1047.0     90.0
C87        c          62.0       87.0       24.0       17.0       7.0        35.0       258.0      906.0      90.0
C99        c          39.0       0.0        12.0       0.0        12.0       30.0       497.0      682.0      90.0

L Large vehicle loading capacity /800.0/
C Electric vehicle loading capacity /100.0/
Q Electric vehicle battery capacity /79.7/
r Fuel consumption rate /1.0/
g Inverse refueling rate /3.4/
v Average velocity /1.0/
