StringID   Type       x          y          demand     DeliveryDemand  PickupDemand  DivisionRate ReadyTime  DueDate    ServiceTime
D0         d          50.0       150.0      0.0        0.0        0.0        0.0        0.0        9999.0     0.0
S1         s          50.0       25.0       0.0        0.0        0.0        0.0        0.0        9999.0     0.0
S6         s          50.0       75.0       0.0        0.0        0.0        0.0        0.0        9999.0     0.0
F_sS1      f          50.0       25.0       0.0        0.0        0.0        0.0        0.0        9999.0     0.0
F_sS6      f          50.0       75.0       0.0        0.0        0.0        0.0        0.0        9999.0     0.0
F9         f          79.0       83.0       0.0        0.0        0.0        0.0        0.0        9999.0     0.0
F14        f          19.0       11.0       0.0        0.0        0.0        0.0        0.0        9999.0     0.0
F1         f          53.0       56.0       0.0        0.0        0.0        0.0        0.0        9999.0     0.0
F0         f          32.0       50.0       0.0        0.0        0.0        0.0        0.0        9999.0     0.0
C1         c          49.0       33.0       10.0       7.0        3.0        25.0       685.0      1106.0     90.0
C10        c          35.0       71.0       10.0       5.0        5.0        50.0       279.0      1122.0     90.0
C21        c          50.0       41.0       28.0       23.0       5.0        40.0       180.0      318.0      90.0
C24        c          21.0       53.0       42.0       17.0       25.0       45.0       548.0      807.0      90.0
C29        c          73.0       56.0       21.0       16.0       5.0        30.0       230.0      989.0      90.0
C35        c          55.0       36.0       10.0       7.0        3.0        30.0       711.0      952.0      90.0
C37        c          54.0       71.0       10.0       8.0        2.0        25.0       180.0      453.0      90.0
C43        c          2.0        45.0       10.0       0.0        10.0       50.0       609.0      882.0      90.0
C47        c          28.0       30.0       24.0       22.0       2.0        30.0       321.0      330.0      90.0
C59        c          87.0       35.0       17.0       7.0        10.0       30.0       125.0      946.0      90.0
C61        c          22.0       57.0       10.0       4.0        6.0        25.0       568.0      1185.0     90.0
C63        c          69.0       56.0       14.0       11.0       3.0        40.0       828.0      950.0      90.0
C69        c          7.0        38.0       10.0       2.0        8.0        35.0       157.0      1187.0     90.0
C76        c          35.0       66.0       24.0       13.0       11.0       35.0       870.0      928.0      90.0
C84        c          29.0       33.0       10.0       9.0        1.0        35.0       348.0      1217.0     90.0

L Large vehicle loading capacity /800.0/
C Electric vehicle loading capacity /100.0/
Q Electric vehicle battery capacity /79.7/
r Fuel consumption rate /1.0/
g Inverse refueling rate /3.4/
v Average velocity /1.0/
