StringID   Type       x          y          demand     DeliveryDemand  PickupDemand  DivisionRate ReadyTime  DueDate    ServiceTime
D0         d          50.0       150.0      0.0        0.0        0.0        0.0        0.0        9999.0     0.0
S1         s          50.0       25.0       0.0        0.0        0.0        0.0        0.0        9999.0     0.0
S6         s          50.0       75.0       0.0        0.0        0.0        0.0        0.0        9999.0     0.0
F_sS1      f          50.0       25.0       0.0        0.0        0.0        0.0        0.0        9999.0     0.0
F_sS6      f          50.0       75.0       0.0        0.0        0.0        0.0        0.0        9999.0     0.0
F7         f          49.0       52.0       0.0        0.0        0.0        0.0        0.0        9999.0     0.0
F12        f          31.0       34.0       0.0        0.0        0.0        0.0        0.0        9999.0     0.0
F17        f          45.0       54.0       0.0        0.0        0.0        0.0        0.0        9999.0     0.0
F8         f          72.0       56.0       0.0        0.0        0.0        0.0        0.0        9999.0     0.0
C5         c          2.0        41.0       15.0       1.0        14.0       35.0       353.0      729.0      90.0
C8         c          91.0       35.0       10.0       4.0        6.0        40.0       1004.0     1012.0     90.0
C16        c          25.0       34.0       19.0       14.0       5.0        45.0       794.0      989.0      90.0
C20        c          29.0       28.0       10.0       10.0       0.0        35.0       218.0      970.0      90.0
C22        c          40.0       66.0       10.0       6.0        4.0        40.0       218.0      713.0      90.0
C31        c          35.0       65.0       17.0       9.0        8.0        30.0       130.0      218.0      90.0
C40        c          68.0       55.0       10.0       8.0        2.0        30.0       478.0      704.0      90.0
C50        c          9.0        35.0       20.0       5.0        15.0       40.0       461.0      937.0      90.0
C51        c          44.0       68.0       10.0       6.0        4.0        50.0       447.0      836.0      90.0
C55        c          91.0       33.0       10.0       4.0        6.0        40.0       325.0      513.0      90.0
C56        c          7.0        38.0       10.0       2.0        8.0        20.0       199.0      1091.0     90.0
C65        c          39.0       14.0       21.0       8.0        13.0       20.0       352.0      647.0      90.0
C67        c          32.0       32.0       22.0       22.0       0.0        45.0       240.0      678.0      90.0
C71        c          25.0       55.0       13.0       6.0        7.0        45.0       297.0      621.0      90.0
C95        c          13.0       76.0       26.0       4.0        22.0       35.0       577.0      1127.0     90.0

L Large vehicle loading capacity /800.0/
C Electric vehicle loading capacity /100.0/
Q Electric vehicle battery capacity /79.7/
r Fuel consumption rate /1.0/
g Inverse refueling rate /3.4/
v Average velocity /1.0/
