StringID   Type       x          y          demand     DeliveryDemand  PickupDemand  DivisionRate ReadyTime  DueDate    ServiceTime
D0         d          50.0       150.0      0.0        0.0        0.0        0.0        0.0        9999.0     0.0
S1         s          50.0       25.0       0.0        0.0        0.0        0.0        0.0        9999.0     0.0
S6         s          50.0       75.0       0.0        0.0        0.0        0.0        0.0        9999.0     0.0
F_sS1      f          50.0       25.0       0.0        0.0        0.0        0.0        0.0        9999.0     0.0
F_sS6      f          50.0       75.0       0.0        0.0        0.0        0.0        0.0        9999.0     0.0
F18        f          14.0       27.0       0.0        0.0        0.0        0.0        0.0        9999.0     0.0
F10        f          55.0       42.0       0.0        0.0        0.0        0.0        0.0        9999.0     0.0
F16        f          56.0       89.0       0.0        0.0        0.0        0.0        0.0        9999.0     0.0
F12        f          16.0       39.0       0.0        0.0        0.0        0.0        0.0        9999.0     0.0
C10        c          39.0       68.0       24.0       14.0       10.0       50.0       222.0      865.0      90.0
C14        c          28.0       51.0       26.0       14.0       12.0       50.0       555.0      900.0      90.0
C16        c          42.0       68.0       26.0       16.0       10.0       45.0       436.0      861.0      90.0
C18        c          36.0       67.0       16.0       9.0        7.0        25.0       348.0      578.0      90.0
C21        c          58.0       80.0       20.0       14.0       6.0        45.0       707.0      1104.0     90.0
C29        c          27.0       37.0       10.0       7.0        3.0        30.0       785.0      1164.0     90.0
C44        c          33.0       71.0       18.0       8.0        10.0       45.0       832.0      924.0      90.0
C47        c          29.0       55.0       10.0       5.0        5.0        45.0       877.0      909.0      90.0
C53        c          33.0       32.0       23.0       22.0       1.0        35.0       947.0      1164.0     90.0
C70        c          20.0       84.0       16.0       4.0        12.0       30.0       357.0      799.0      90.0
C71        c          50.0       32.0       17.0       11.0       6.0        30.0       543.0      818.0      90.0
C75        c          66.0       85.0       30.0       23.0       7.0        45.0       459.0      503.0      90.0
C95        c          24.0       51.0       11.0       5.0        6.0        35.0       852.0      862.0      90.0
C98        c          62.0       85.0       13.0       9.0        4.0        45.0       888.0      945.0      90.0
C99        c          37.0       8.0        19.0       4.0        15.0       45.0       431.0      859.0      90.0

L Large vehicle loading capacity /800.0/
C Electric vehicle loading capacity /100.0/
Q Electric vehicle battery capacity /79.7/
r Fuel consumption rate /1.0/
g Inverse refueling rate /3.4/
v Average velocity /1.0/
