StringID   Type       x          y          demand     DeliveryDemand  PickupDemand  DivisionRate ReadyTime  DueDate    ServiceTime
D0         d          50.0       150.0      0.0        0.0             0.0           0            0.0        9999.0     0.0         
S0         s          50.0       75.0       0.0        0.0             0.0           0            0.0        9999.0     0.0         
S1         s          50.0       25.0       0.0        0.0             0.0           0            0.0        9999.0     0.0         
F0         f          50.0       75.0       0.0        0.0             0.0           0            0.0        9999.0     0.0         
F1         f          50.0       25.0       0.0        0.0             0.0           0            0.0        9999.0     0.0         
F2         f          31.0       84.0       0.0        0.0             0.0           0            0.0        9999.0     0.0         
F3         f          39.0       26.0       0.0        0.0             0.0           0            0.0        9999.0     0.0         
F4         f          77.0       30.0       0.0        0.0             0.0           0            0.0        9999.0     0.0         
F5         f          77.0       52.0       0.0        0.0             0.0           0            0.0        9999.0     0.0         
F6         f          40.0       50.0       0.0        0.0             0.0           0            0.0        9999.0     0.0         
C0         c          18.0       75.0       20.0       5.0             15.0          35           101.0      3367.0     90.0        
C1         c          75.0       55.0       20.0       15.0            5.0           35           609.0      769.0      90.0        
C2         c          33.0       35.0       10.0       9.0             1.0           25           128.0      288.0      90.0        
C3         c          35.0       32.0       10.0       9.0             1.0           20           101.0      3382.0     90.0        
C4         c          23.0       52.0       10.0       4.0             6.0           20           2933.0     3093.0     90.0        
C5         c          55.0       80.0       10.0       7.0             3.0           25           991.0      1151.0     90.0        
C6         c          62.0       69.0       10.0       9.0             1.0           25           231.0      391.0      90.0        
C7         c          50.0       40.0       50.0       40.0            10.0          35           2011.0     2171.0     90.0        
C8         c          38.0       5.0        30.0       4.0             26.0          35           101.0      3355.0     90.0        
C9         c          92.0       30.0       10.0       3.0             7.0           25           101.0      3345.0     90.0        
C10        c          64.0       46.0       20.0       14.0            6.0           35           101.0      3376.0     90.0        
C11        c          35.0       66.0       10.0       5.0             5.0           30           129.0      289.0      90.0        
C12        c          25.0       30.0       10.0       8.0             2.0           45           688.0      848.0      90.0        
C13        c          14.0       66.0       10.0       2.0             8.0           50           1277.0     1437.0     90.0        
C14        c          90.0       35.0       10.0       4.0             6.0           45           946.0      1106.0     90.0        

L Large vehicle loading capacity /1400.0/
C Electric vehicle loading capacity /175.0/
Q Electric vehicle battery capacity /77.75/
r Fuel consumption rate /1.0/
g Inverse refueling rate /3.47/
v Average velocity /1.0/
