StringID   Type       x          y          demand     DeliveryDemand  PickupDemand  DivisionRate ReadyTime  DueDate    ServiceTime
D0         d          50.0       150.0      0.0        0.0        0.0        0.0        0.0        9999.0     0.0
S1         s          50.0       25.0       0.0        0.0        0.0        0.0        0.0        9999.0     0.0
S6         s          50.0       75.0       0.0        0.0        0.0        0.0        0.0        9999.0     0.0
F_sS1      f          50.0       25.0       0.0        0.0        0.0        0.0        0.0        9999.0     0.0
F_sS6      f          50.0       75.0       0.0        0.0        0.0        0.0        0.0        9999.0     0.0
F5         f          18.0       60.0       0.0        0.0        0.0        0.0        0.0        9999.0     0.0
F3         f          48.0       39.0       0.0        0.0        0.0        0.0        0.0        9999.0     0.0
F14        f          40.0       37.0       0.0        0.0        0.0        0.0        0.0        9999.0     0.0
F16        f          45.0       65.0       0.0        0.0        0.0        0.0        0.0        9999.0     0.0
C0         c          12.0       43.0       11.0       3.0        8.0        50.0       1945.0     2623.0     90.0
C8         c          62.0       79.0       10.0       8.0        2.0        20.0       617.0      1852.0     90.0
C9         c          21.0       79.0       18.0       5.0        13.0       20.0       414.0      3097.0     90.0
C14        c          22.0       54.0       15.0       6.0        9.0        40.0       788.0      1678.0     90.0
C28        c          53.0       80.0       10.0       7.0        3.0        50.0       1003.0     2074.0     90.0
C31        c          46.0       5.0        10.0       1.0        9.0        20.0       2484.0     2782.0     90.0
C46        c          66.0       54.0       22.0       18.0       4.0        20.0       704.0      2578.0     90.0
C47        c          67.0       55.0       15.0       12.0       3.0        20.0       1126.0     3220.0     90.0
C53        c          76.0       51.0       15.0       10.0       5.0        35.0       542.0      2701.0     90.0
C60        c          63.0       88.0       23.0       16.0       7.0        45.0       1634.0     3080.0     90.0
C61        c          64.0       91.0       22.0       15.0       7.0        30.0       1460.0     1662.0     90.0
C63        c          37.0       32.0       20.0       17.0       3.0        35.0       2070.0     3118.0     90.0
C77        c          68.0       56.0       13.0       11.0       2.0        50.0       778.0      2234.0     90.0
C89        c          62.0       64.0       10.0       10.0       0.0        35.0       1518.0     3218.0     90.0
C96        c          23.0       58.0       10.0       4.0        6.0        40.0       567.0      615.0      90.0

L Large vehicle loading capacity /1400.0/
C Electric vehicle loading capacity /175.0/
Q Electric vehicle battery capacity /117.8/
r Fuel consumption rate /1.0/
g Inverse refueling rate /2.3/
v Average velocity /1.0/
