StringID   Type       x          y          demand     DeliveryDemand  PickupDemand  DivisionRate ReadyTime  DueDate    ServiceTime
D0         d          50.0       150.0      0.0        0.0        0.0        0.0        0.0        9999.0     0.0
S1         s          50.0       25.0       0.0        0.0        0.0        0.0        0.0        9999.0     0.0
S6         s          50.0       75.0       0.0        0.0        0.0        0.0        0.0        9999.0     0.0
F_sS1      f          50.0       25.0       0.0        0.0        0.0        0.0        0.0        9999.0     0.0
F_sS6      f          50.0       75.0       0.0        0.0        0.0        0.0        0.0        9999.0     0.0
F6         f          0.0        91.0       0.0        0.0        0.0        0.0        0.0        9999.0     0.0
F20        f          26.0       40.0       0.0        0.0        0.0        0.0        0.0        9999.0     0.0
F5         f          52.0       71.0       0.0        0.0        0.0        0.0        0.0        9999.0     0.0
F16        f          80.0       47.0       0.0        0.0        0.0        0.0        0.0        9999.0     0.0
C0         c          91.0       16.0       13.0       2.0        11.0       45.0       1838.0     1880.0     90.0
C1         c          39.0       28.0       23.0       17.0       6.0        40.0       954.0      1450.0     90.0
C9         c          42.0       14.0       10.0       3.0        7.0        25.0       660.0      1260.0     90.0
C17        c          21.0       51.0       25.0       10.0       15.0       25.0       2230.0     2888.0     90.0
C23        c          21.0       49.0       42.0       18.0       24.0       40.0       266.0      919.0      90.0
C25        c          41.0       64.0       10.0       6.0        4.0        40.0       874.0      3129.0     90.0
C28        c          88.0       31.0       16.0       6.0        10.0       40.0       2157.0     2299.0     90.0
C30        c          61.0       73.0       10.0       8.0        2.0        35.0       433.0      2841.0     90.0
C37        c          8.0        43.0       10.0       2.0        8.0        25.0       480.0      2179.0     90.0
C46        c          27.0       55.0       15.0       7.0        8.0        30.0       1370.0     3121.0     90.0
C48        c          29.0       1.0        40.0       1.0        39.0       35.0       197.0      2249.0     90.0
C61        c          27.0       34.0       35.0       28.0       7.0        40.0       471.0      941.0      90.0
C67        c          33.0       18.0       20.0       11.0       9.0        35.0       443.0      3206.0     90.0
C78        c          44.0       35.0       18.0       14.0       4.0        35.0       616.0      2590.0     90.0
C98        c          62.0       62.0       10.0       10.0       0.0        45.0       859.0      2157.0     90.0

L Large vehicle loading capacity /1400.0/
C Electric vehicle loading capacity /175.0/
Q Electric vehicle battery capacity /117.8/
r Fuel consumption rate /1.0/
g Inverse refueling rate /2.3/
v Average velocity /1.0/
