StringID   Type       x          y          demand     DeliveryDemand  PickupDemand  DivisionRate ReadyTime  DueDate    ServiceTime
D0         d          50.0       150.0      0.0        0.0        0.0        0.0        0.0        9999.0     0.0
S1         s          50.0       25.0       0.0        0.0        0.0        0.0        0.0        9999.0     0.0
S6         s          50.0       75.0       0.0        0.0        0.0        0.0        0.0        9999.0     0.0
F_sS1      f          50.0       25.0       0.0        0.0        0.0        0.0        0.0        9999.0     0.0
F_sS6      f          50.0       75.0       0.0        0.0        0.0        0.0        0.0        9999.0     0.0
F4         f          0.0        11.0       0.0        0.0        0.0        0.0        0.0        9999.0     0.0
F16        f          54.0       56.0       0.0        0.0        0.0        0.0        0.0        9999.0     0.0
F7         f          48.0       52.0       0.0        0.0        0.0        0.0        0.0        9999.0     0.0
F8         f          7.0        46.0       0.0        0.0        0.0        0.0        0.0        9999.0     0.0
C5         c          43.0       64.0       10.0       7.0        3.0        45.0       921.0      2464.0     90.0
C10        c          21.0       81.0       10.0       3.0        7.0        30.0       2485.0     2486.0     90.0
C15        c          41.0       62.0       20.0       13.0       7.0        35.0       1842.0     2376.0     90.0
C26        c          11.0       67.0       14.0       2.0        12.0       30.0       692.0      1285.0     90.0
C27        c          1.0        38.0       10.0       0.0        10.0       45.0       1743.0     2520.0     90.0
C41        c          17.0       71.0       17.0       4.0        13.0       40.0       2625.0     2744.0     90.0
C43        c          54.0       43.0       25.0       20.0       5.0        30.0       486.0      1612.0     90.0
C55        c          61.0       52.0       14.0       12.0       2.0        35.0       739.0      1816.0     90.0
C61        c          95.0       23.0       18.0       4.0        14.0       20.0       939.0      2062.0     90.0
C64        c          48.0       26.0       17.0       9.0        8.0        40.0       391.0      2018.0     90.0
C75        c          53.0       36.0       10.0       7.0        3.0        45.0       1105.0     2066.0     90.0
C76        c          33.0       11.0       14.0       5.0        9.0        30.0       982.0      1477.0     90.0
C95        c          68.0       87.0       10.0       8.0        2.0        20.0       708.0      1955.0     90.0
C98        c          29.0       38.0       17.0       13.0       4.0        35.0       369.0      2024.0     90.0
C99        c          50.0       36.0       28.0       20.0       8.0        45.0       242.0      3349.0     90.0

L Large vehicle loading capacity /1400.0/
C Electric vehicle loading capacity /175.0/
Q Electric vehicle battery capacity /117.8/
r Fuel consumption rate /1.0/
g Inverse refueling rate /2.3/
v Average velocity /1.0/
