StringID   Type       x          y          demand     DeliveryDemand  PickupDemand  DivisionRate ReadyTime  DueDate    ServiceTime
D0         d          50.0       150.0      0.0        0.0        0.0        0.0        0.0        9999.0     0.0
S1         s          50.0       25.0       0.0        0.0        0.0        0.0        0.0        9999.0     0.0
S6         s          50.0       75.0       0.0        0.0        0.0        0.0        0.0        9999.0     0.0
F_sS1      f          50.0       25.0       0.0        0.0        0.0        0.0        0.0        9999.0     0.0
F_sS6      f          50.0       75.0       0.0        0.0        0.0        0.0        0.0        9999.0     0.0
F17        f          90.0       44.0       0.0        0.0        0.0        0.0        0.0        9999.0     0.0
F7         f          23.0       37.0       0.0        0.0        0.0        0.0        0.0        9999.0     0.0
F10        f          18.0       56.0       0.0        0.0        0.0        0.0        0.0        9999.0     0.0
F5         f          5.0        41.0       0.0        0.0        0.0        0.0        0.0        9999.0     0.0
C8         c          44.0       19.0       10.0       4.0        6.0        40.0       782.0      1656.0     90.0
C10        c          58.0       35.0       10.0       6.0        4.0        35.0       323.0      3001.0     90.0
C13        c          42.0       14.0       24.0       8.0        16.0       25.0       2315.0     2795.0     90.0
C17        c          48.0       32.0       12.0       8.0        4.0        30.0       2973.0     3221.0     90.0
C30        c          32.0       12.0       10.0       4.0        6.0        25.0       2126.0     3369.0     90.0
C32        c          35.0       71.0       10.0       5.0        5.0        30.0       642.0      2979.0     90.0
C36        c          66.0       84.0       10.0       8.0        2.0        20.0       382.0      1540.0     90.0
C46        c          36.0       16.0       10.0       4.0        6.0        30.0       1659.0     2178.0     90.0
C49        c          62.0       76.0       10.0       8.0        2.0        40.0       275.0      3114.0     90.0
C53        c          64.0       66.0       10.0       10.0       0.0        35.0       1324.0     2593.0     90.0
C70        c          5.0        46.0       14.0       2.0        12.0       25.0       2547.0     2833.0     90.0
C72        c          55.0       38.0       23.0       16.0       7.0        30.0       403.0      3076.0     90.0
C83        c          30.0       54.0       32.0       18.0       14.0       40.0       1052.0     1714.0     90.0
C90        c          89.0       35.0       35.0       14.0       21.0       40.0       1040.0     2245.0     90.0
C93        c          18.0       71.0       19.0       5.0        14.0       45.0       1923.0     2003.0     90.0

L Large vehicle loading capacity /1400.0/
C Electric vehicle loading capacity /175.0/
Q Electric vehicle battery capacity /117.8/
r Fuel consumption rate /1.0/
g Inverse refueling rate /2.3/
v Average velocity /1.0/
