StringID   Type       x          y          demand     DeliveryDemand  PickupDemand  DivisionRate ReadyTime  DueDate    ServiceTime
D0         d          50.0       150.0      0.0        0.0        0.0        0.0        0.0        9999.0     0.0
S1         s          50.0       25.0       0.0        0.0        0.0        0.0        0.0        9999.0     0.0
S6         s          50.0       75.0       0.0        0.0        0.0        0.0        0.0        9999.0     0.0
F_sS1      f          50.0       25.0       0.0        0.0        0.0        0.0        0.0        9999.0     0.0
F_sS6      f          50.0       75.0       0.0        0.0        0.0        0.0        0.0        9999.0     0.0
F5         f          0.0        11.0       0.0        0.0        0.0        0.0        0.0        9999.0     0.0
F6         f          55.0       33.0       0.0        0.0        0.0        0.0        0.0        9999.0     0.0
F20        f          31.0       34.0       0.0        0.0        0.0        0.0        0.0        9999.0     0.0
F9         f          42.0       38.0       0.0        0.0        0.0        0.0        0.0        9999.0     0.0
C4         c          59.0       74.0       17.0       14.0       3.0        45.0       234.0      843.0      90.0
C17        c          16.0       71.0       29.0       7.0        22.0       35.0       2003.0     2921.0     90.0
C39        c          61.0       63.0       32.0       31.0       1.0        45.0       2080.0     2974.0     90.0
C48        c          43.0       12.0       10.0       3.0        7.0        40.0       2611.0     3193.0     90.0
C61        c          30.0       54.0       17.0       9.0        8.0        35.0       1514.0     2441.0     90.0
C64        c          38.0       65.0       21.0       12.0       9.0        35.0       1830.0     3015.0     90.0
C66        c          77.0       47.0       20.0       12.0       8.0        25.0       1223.0     1563.0     90.0
C73        c          57.0       81.0       22.0       15.0       7.0        40.0       1804.0     2927.0     90.0
C74        c          49.0       32.0       10.0       7.0        3.0        50.0       751.0      1901.0     90.0
C76        c          40.0       71.0       15.0       8.0        7.0        20.0       1445.0     2340.0     90.0
C79        c          87.0       35.0       20.0       8.0        12.0       35.0       1262.0     2706.0     90.0
C81        c          19.0       54.0       10.0       4.0        6.0        30.0       2072.0     2591.0     90.0
C91        c          60.0       62.0       20.0       19.0       1.0        40.0       857.0      1663.0     90.0
C95        c          89.0       41.0       11.0       5.0        6.0        35.0       384.0      2937.0     90.0
C97        c          24.0       87.0       10.0       3.0        7.0        20.0       810.0      1371.0     90.0

L Large vehicle loading capacity /1400.0/
C Electric vehicle loading capacity /175.0/
Q Electric vehicle battery capacity /117.8/
r Fuel consumption rate /1.0/
g Inverse refueling rate /2.3/
v Average velocity /1.0/
