StringID   Type       x          y          demand     DeliveryDemand  PickupDemand  DivisionRate ReadyTime  DueDate    ServiceTime
D0         d          50.0       150.0      0.0        0.0        0.0        0.0        0.0        9999.0     0.0
S1         s          50.0       25.0       0.0        0.0        0.0        0.0        0.0        9999.0     0.0
S6         s          50.0       75.0       0.0        0.0        0.0        0.0        0.0        9999.0     0.0
F_sS1      f          50.0       25.0       0.0        0.0        0.0        0.0        0.0        9999.0     0.0
F_sS6      f          50.0       75.0       0.0        0.0        0.0        0.0        0.0        9999.0     0.0
F13        f          71.0       63.0       0.0        0.0        0.0        0.0        0.0        9999.0     0.0
F4         f          61.0       36.0       0.0        0.0        0.0        0.0        0.0        9999.0     0.0
F9         f          55.0       11.0       0.0        0.0        0.0        0.0        0.0        9999.0     0.0
F17        f          85.0       86.0       0.0        0.0        0.0        0.0        0.0        9999.0     0.0
C0         c          91.0       28.0       11.0       3.0        8.0        40.0       112.0      436.0      90.0
C4         c          48.0       31.0       29.0       19.0       10.0       20.0       363.0      1952.0     90.0
C9         c          88.0       34.0       10.0       4.0        6.0        25.0       814.0      2288.0     90.0
C10        c          15.0       69.0       25.0       5.0        20.0       40.0       391.0      609.0      90.0
C13        c          55.0       77.0       34.0       24.0       10.0       25.0       909.0      2688.0     90.0
C19        c          41.0       12.0       10.0       3.0        7.0        40.0       2136.0     2903.0     90.0
C20        c          34.0       37.0       28.0       26.0       2.0        20.0       3068.0     3339.0     90.0
C25        c          41.0       60.0       31.0       21.0       10.0       35.0       2644.0     2645.0     90.0
C32        c          22.0       76.0       10.0       3.0        7.0        50.0       1523.0     1748.0     90.0
C36        c          0.0        50.0       42.0       0.0        42.0       40.0       2370.0     3131.0     90.0
C51        c          20.0       81.0       27.0       7.0        20.0       20.0       192.0      2929.0     90.0
C56        c          81.0       41.0       12.0       6.0        6.0        50.0       702.0      1401.0     90.0
C71        c          72.0       60.0       19.0       16.0       3.0        25.0       1723.0     2915.0     90.0
C90        c          22.0       54.0       16.0       7.0        9.0        25.0       1401.0     2442.0     90.0
C96        c          7.0        39.0       13.0       2.0        11.0       30.0       818.0      1897.0     90.0

L Large vehicle loading capacity /1400.0/
C Electric vehicle loading capacity /175.0/
Q Electric vehicle battery capacity /117.8/
r Fuel consumption rate /1.0/
g Inverse refueling rate /2.3/
v Average velocity /1.0/
