StringID   Type       x          y          demand     DeliveryDemand  PickupDemand  DivisionRate ReadyTime  DueDate    ServiceTime
D0         d          50.0       150.0      0.0        0.0        0.0        0.0        0.0        9999.0     0.0
S1         s          50.0       25.0       0.0        0.0        0.0        0.0        0.0        9999.0     0.0
S6         s          50.0       75.0       0.0        0.0        0.0        0.0        0.0        9999.0     0.0
F_sS1      f          50.0       25.0       0.0        0.0        0.0        0.0        0.0        9999.0     0.0
F_sS6      f          50.0       75.0       0.0        0.0        0.0        0.0        0.0        9999.0     0.0
F2         f          38.0       67.0       0.0        0.0        0.0        0.0        0.0        9999.0     0.0
F18        f          39.0       11.0       0.0        0.0        0.0        0.0        0.0        9999.0     0.0
F19        f          16.0       12.0       0.0        0.0        0.0        0.0        0.0        9999.0     0.0
F8         f          27.0       42.0       0.0        0.0        0.0        0.0        0.0        9999.0     0.0
C0         c          62.0       59.0       39.0       37.0       2.0        50.0       1327.0     2300.0     90.0
C1         c          44.0       8.0        39.0       7.0        32.0       40.0       1585.0     1585.0     90.0
C3         c          49.0       42.0       13.0       11.0       2.0        30.0       1857.0     2686.0     90.0
C6         c          33.0       71.0       27.0       13.0       14.0       35.0       2673.0     3071.0     90.0
C10        c          51.0       39.0       10.0       8.0        2.0        35.0       2798.0     3214.0     90.0
C20        c          41.0       4.0        26.0       3.0        23.0       35.0       1699.0     1886.0     90.0
C28        c          41.0       61.0       30.0       20.0       10.0       20.0       3229.0     3241.0     90.0
C29        c          47.0       34.0       10.0       7.0        3.0        40.0       519.0      2554.0     90.0
C33        c          50.0       36.0       10.0       7.0        3.0        30.0       978.0      3230.0     90.0
C43        c          40.0       17.0       31.0       13.0       18.0       40.0       2058.0     2190.0     90.0
C53        c          32.0       65.0       23.0       11.0       12.0       35.0       366.0      3369.0     90.0
C57        c          22.0       79.0       24.0       7.0        17.0       40.0       1533.0     1715.0     90.0
C64        c          63.0       86.0       33.0       24.0       9.0        35.0       1233.0     1538.0     90.0
C68        c          45.0       0.0        13.0       0.0        13.0       35.0       376.0      2658.0     90.0
C97        c          57.0       73.0       35.0       27.0       8.0        35.0       2043.0     2436.0     90.0

L Large vehicle loading capacity /1400.0/
C Electric vehicle loading capacity /175.0/
Q Electric vehicle battery capacity /117.8/
r Fuel consumption rate /1.0/
g Inverse refueling rate /2.3/
v Average velocity /1.0/
