StringID   Type       x          y          demand     DeliveryDemand  PickupDemand  DivisionRate ReadyTime  DueDate    ServiceTime
D0         d          50.0       150.0      0.0        0.0        0.0        0.0        0.0        9999.0     0.0
S1         s          50.0       25.0       0.0        0.0        0.0        0.0        0.0        9999.0     0.0
S6         s          50.0       75.0       0.0        0.0        0.0        0.0        0.0        9999.0     0.0
F_sS1      f          50.0       25.0       0.0        0.0        0.0        0.0        0.0        9999.0     0.0
F_sS6      f          50.0       75.0       0.0        0.0        0.0        0.0        0.0        9999.0     0.0
F8         f          27.0       62.0       0.0        0.0        0.0        0.0        0.0        9999.0     0.0
F15        f          52.0       21.0       0.0        0.0        0.0        0.0        0.0        9999.0     0.0
F7         f          42.0       40.0       0.0        0.0        0.0        0.0        0.0        9999.0     0.0
F0         f          32.0       45.0       0.0        0.0        0.0        0.0        0.0        9999.0     0.0
C1         c          60.0       82.0       20.0       15.0       5.0        40.0       192.0      1032.0     90.0
C5         c          2.0        44.0       10.0       0.0        10.0       45.0       1402.0     2625.0     90.0
C11        c          3.0        44.0       20.0       1.0        19.0       35.0       308.0      1032.0     90.0
C25        c          29.0       52.0       10.0       6.0        4.0        35.0       911.0      2984.0     90.0
C29        c          56.0       39.0       13.0       9.0        4.0        35.0       2082.0     2800.0     90.0
C38        c          66.0       52.0       32.0       25.0       7.0        20.0       2880.0     3124.0     90.0
C43        c          52.0       39.0       13.0       10.0       3.0        25.0       1679.0     1916.0     90.0
C55        c          65.0       57.0       21.0       18.0       3.0        30.0       481.0      888.0      90.0
C62        c          5.0        48.0       18.0       2.0        16.0       40.0       881.0      1384.0     90.0
C67        c          59.0       87.0       10.0       7.0        3.0        25.0       3029.0     3108.0     90.0
C77        c          72.0       51.0       32.0       23.0       9.0        40.0       1927.0     2303.0     90.0
C82        c          89.0       30.0       30.0       10.0       20.0       30.0       1729.0     2176.0     90.0
C85        c          61.0       88.0       10.0       7.0        3.0        40.0       356.0      2285.0     90.0
C95        c          19.0       74.0       26.0       7.0        19.0       50.0       1061.0     1089.0     90.0
C97        c          20.0       85.0       29.0       7.0        22.0       50.0       2559.0     2781.0     90.0

L Large vehicle loading capacity /1400.0/
C Electric vehicle loading capacity /175.0/
Q Electric vehicle battery capacity /117.8/
r Fuel consumption rate /1.0/
g Inverse refueling rate /2.3/
v Average velocity /1.0/
