StringID   Type       x          y          demand     DeliveryDemand  PickupDemand  DivisionRate ReadyTime  DueDate    ServiceTime
D0         d          50.0       150.0      0.0        0.0        0.0        0.0        0.0        9999.0     0.0
S1         s          50.0       25.0       0.0        0.0        0.0        0.0        0.0        9999.0     0.0
S6         s          50.0       75.0       0.0        0.0        0.0        0.0        0.0        9999.0     0.0
F_sS1      f          50.0       25.0       0.0        0.0        0.0        0.0        0.0        9999.0     0.0
F_sS6      f          50.0       75.0       0.0        0.0        0.0        0.0        0.0        9999.0     0.0
F0         f          63.0       72.0       0.0        0.0        0.0        0.0        0.0        9999.0     0.0
F1         f          68.0       85.0       0.0        0.0        0.0        0.0        0.0        9999.0     0.0
F4         f          48.0       12.0       0.0        0.0        0.0        0.0        0.0        9999.0     0.0
F5         f          43.0       48.0       0.0        0.0        0.0        0.0        0.0        9999.0     0.0
C14        c          68.0       79.0       36.0       31.0       5.0        35.0       1128.0     1318.0     90.0
C21        c          19.0       52.0       18.0       7.0        11.0       40.0       1185.0     1538.0     90.0
C25        c          62.0       61.0       10.0       10.0       0.0        25.0       2255.0     3266.0     90.0
C33        c          102.0      22.0       23.0       5.0        18.0       35.0       1394.0     2540.0     90.0
C38        c          92.0       32.0       26.0       9.0        17.0       50.0       1676.0     1904.0     90.0
C42        c          42.0       16.0       23.0       9.0        14.0       30.0       1485.0     1675.0     90.0
C43        c          1.0        41.0       25.0       1.0        24.0       40.0       2626.0     3056.0     90.0
C45        c          58.0       85.0       14.0       10.0       4.0        40.0       1688.0     2217.0     90.0
C47        c          30.0       50.0       34.0       20.0       14.0       30.0       1512.0     3374.0     90.0
C55        c          69.0       57.0       50.0       41.0       9.0        35.0       1301.0     1519.0     90.0
C60        c          13.0       35.0       25.0       9.0        16.0       45.0       2186.0     2509.0     90.0
C78        c          84.0       38.0       10.0       5.0        5.0        25.0       629.0      994.0      90.0
C79        c          48.0       28.0       23.0       13.0       10.0       35.0       2410.0     3035.0     90.0
C87        c          35.0       35.0       35.0       35.0       0.0        20.0       2814.0     3321.0     90.0
C92        c          51.0       33.0       13.0       8.0        5.0        40.0       1051.0     1667.0     90.0

L Large vehicle loading capacity /1400.0/
C Electric vehicle loading capacity /175.0/
Q Electric vehicle battery capacity /117.8/
r Fuel consumption rate /1.0/
g Inverse refueling rate /2.3/
v Average velocity /1.0/
