StringID   Type       x          y          demand     DeliveryDemand  PickupDemand  DivisionRate ReadyTime  DueDate    ServiceTime
D0         d          50.0       150.0      0.0        0.0        0.0        0.0        0.0        9999.0     0.0
S1         s          50.0       25.0       0.0        0.0        0.0        0.0        0.0        9999.0     0.0
S6         s          50.0       75.0       0.0        0.0        0.0        0.0        0.0        9999.0     0.0
F_sS1      f          50.0       25.0       0.0        0.0        0.0        0.0        0.0        9999.0     0.0
F_sS6      f          50.0       75.0       0.0        0.0        0.0        0.0        0.0        9999.0     0.0
F12        f          64.0       55.0       0.0        0.0        0.0        0.0        0.0        9999.0     0.0
F20        f          23.0       54.0       0.0        0.0        0.0        0.0        0.0        9999.0     0.0
F1         f          90.0       77.0       0.0        0.0        0.0        0.0        0.0        9999.0     0.0
F5         f          36.0       76.0       0.0        0.0        0.0        0.0        0.0        9999.0     0.0
C7         c          53.0       84.0       13.0       8.0        5.0        35.0       1891.0     2705.0     90.0
C13        c          25.0       50.0       30.0       15.0       15.0       25.0       383.0      2142.0     90.0
C14        c          97.0       33.0       19.0       6.0        13.0       40.0       681.0      844.0      90.0
C19        c          57.0       79.0       26.0       19.0       7.0        45.0       1128.0     2648.0     90.0
C20        c          26.0       51.0       43.0       22.0       21.0       30.0       379.0      1246.0     90.0
C21        c          5.0        43.0       10.0       1.0        9.0        45.0       2865.0     3320.0     90.0
C46        c          41.0       65.0       11.0       7.0        4.0        40.0       1105.0     2435.0     90.0
C51        c          19.0       67.0       10.0       3.0        7.0        40.0       1694.0     2246.0     90.0
C59        c          62.0       54.0       42.0       37.0       5.0        30.0       2305.0     2753.0     90.0
C62        c          40.0       31.0       10.0       8.0        2.0        45.0       583.0      2723.0     90.0
C66        c          44.0       11.0       14.0       4.0        10.0       50.0       355.0      1076.0     90.0
C68        c          52.0       36.0       21.0       15.0       6.0        40.0       2393.0     3244.0     90.0
C79        c          15.0       70.0       17.0       4.0        13.0       40.0       929.0      3072.0     90.0
C94        c          27.0       54.0       19.0       10.0       9.0        20.0       660.0      1778.0     90.0
C98        c          90.0       33.0       10.0       4.0        6.0        30.0       646.0      2989.0     90.0

L Large vehicle loading capacity /1400.0/
C Electric vehicle loading capacity /175.0/
Q Electric vehicle battery capacity /117.8/
r Fuel consumption rate /1.0/
g Inverse refueling rate /2.3/
v Average velocity /1.0/
