StringID   Type       x          y          demand     DeliveryDemand  PickupDemand  DivisionRate ReadyTime  DueDate    ServiceTime
D0         d          50.0       150.0      0.0        0.0        0.0        0.0        0.0        9999.0     0.0
S1         s          50.0       25.0       0.0        0.0        0.0        0.0        0.0        9999.0     0.0
S6         s          50.0       75.0       0.0        0.0        0.0        0.0        0.0        9999.0     0.0
F_sS1      f          50.0       25.0       0.0        0.0        0.0        0.0        0.0        9999.0     0.0
F_sS6      f          50.0       75.0       0.0        0.0        0.0        0.0        0.0        9999.0     0.0
F4         f          24.0       40.0       0.0        0.0        0.0        0.0        0.0        9999.0     0.0
F2         f          29.0       45.0       0.0        0.0        0.0        0.0        0.0        9999.0     0.0
F6         f          33.0       46.0       0.0        0.0        0.0        0.0        0.0        9999.0     0.0
F11        f          0.0        40.0       0.0        0.0        0.0        0.0        0.0        9999.0     0.0
C2         c          7.0        40.0       10.0       2.0        8.0        25.0       1187.0     1695.0     90.0
C14        c          62.0       76.0       10.0       8.0        2.0        40.0       632.0      677.0      90.0
C23        c          61.0       81.0       22.0       17.0       5.0        40.0       509.0      1910.0     90.0
C36        c          63.0       91.0       10.0       7.0        3.0        50.0       2240.0     2760.0     90.0
C40        c          66.0       55.0       36.0       30.0       6.0        40.0       1881.0     2510.0     90.0
C43        c          49.0       76.0       17.0       11.0       6.0        30.0       1425.0     1456.0     90.0
C45        c          71.0       79.0       20.0       18.0       2.0        50.0       1079.0     1147.0     90.0
C51        c          4.0        35.0       16.0       2.0        14.0       25.0       262.0      1341.0     90.0
C74        c          33.0       31.0       11.0       10.0       1.0        50.0       1022.0     1034.0     90.0
C75        c          36.0       10.0       34.0       9.0        25.0       30.0       359.0      2629.0     90.0
C76        c          54.0       78.0       21.0       15.0       6.0        30.0       1599.0     1977.0     90.0
C84        c          10.0       74.0       23.0       3.0        20.0       40.0       150.0      3252.0     90.0
C85        c          52.0       69.0       15.0       11.0       4.0        45.0       1519.0     2161.0     90.0
C88        c          29.0       49.0       23.0       14.0       9.0        40.0       1066.0     3369.0     90.0
C93        c          6.0        38.0       22.0       3.0        19.0       45.0       1115.0     2146.0     90.0

L Large vehicle loading capacity /1400.0/
C Electric vehicle loading capacity /175.0/
Q Electric vehicle battery capacity /117.8/
r Fuel consumption rate /1.0/
g Inverse refueling rate /2.3/
v Average velocity /1.0/
