StringID   Type       x          y          demand     DeliveryDemand  PickupDemand  DivisionRate ReadyTime  DueDate    ServiceTime
D0         d          50.0       150.0      0.0        0.0        0.0        0.0        0.0        9999.0     0.0
S1         s          50.0       25.0       0.0        0.0        0.0        0.0        0.0        9999.0     0.0
S6         s          50.0       75.0       0.0        0.0        0.0        0.0        0.0        9999.0     0.0
F_sS1      f          50.0       25.0       0.0        0.0        0.0        0.0        0.0        9999.0     0.0
F_sS6      f          50.0       75.0       0.0        0.0        0.0        0.0        0.0        9999.0     0.0
F19        f          54.0       11.0       0.0        0.0        0.0        0.0        0.0        9999.0     0.0
F1         f          21.0       44.0       0.0        0.0        0.0        0.0        0.0        9999.0     0.0
F8         f          38.0       77.0       0.0        0.0        0.0        0.0        0.0        9999.0     0.0
F7         f          21.0       29.0       0.0        0.0        0.0        0.0        0.0        9999.0     0.0
C2         c          57.0       79.0       10.0       7.0        3.0        30.0       1629.0     1934.0     90.0
C8         c          33.0       34.0       21.0       20.0       1.0        30.0       2774.0     3145.0     90.0
C12        c          3.0        33.0       10.0       1.0        9.0        35.0       137.0      1208.0     90.0
C31        c          97.0       26.0       10.0       3.0        7.0        30.0       973.0      2951.0     90.0
C32        c          48.0       33.0       11.0       8.0        3.0        20.0       2151.0     2797.0     90.0
C37        c          39.0       69.0       27.0       15.0       12.0       30.0       1762.0     2071.0     90.0
C43        c          32.0       31.0       17.0       16.0       1.0        35.0       1916.0     1984.0     90.0
C47        c          50.0       42.0       11.0       9.0        2.0        40.0       1807.0     2719.0     90.0
C48        c          45.0       32.0       17.0       12.0       5.0        40.0       2037.0     2644.0     90.0
C59        c          52.0       33.0       10.0       6.0        4.0        40.0       510.0      1752.0     90.0
C60        c          71.0       80.0       10.0       9.0        1.0        40.0       704.0      3144.0     90.0
C63        c          31.0       68.0       10.0       5.0        5.0        45.0       939.0      1264.0     90.0
C64        c          3.0        51.0       17.0       1.0        16.0       25.0       2244.0     2957.0     90.0
C68        c          41.0       15.0       10.0       4.0        6.0        35.0       1041.0     2802.0     90.0
C89        c          11.0       49.0       16.0       4.0        12.0       25.0       2709.0     2859.0     90.0

L Large vehicle loading capacity /1400.0/
C Electric vehicle loading capacity /175.0/
Q Electric vehicle battery capacity /117.8/
r Fuel consumption rate /1.0/
g Inverse refueling rate /2.3/
v Average velocity /1.0/
