StringID   Type       x          y          demand     DeliveryDemand  PickupDemand  DivisionRate ReadyTime  DueDate    ServiceTime
D0         d          50.0       150.0      0.0        0.0        0.0        0.0        0.0        9999.0     0.0
S1         s          50.0       25.0       0.0        0.0        0.0        0.0        0.0        9999.0     0.0
S6         s          50.0       75.0       0.0        0.0        0.0        0.0        0.0        9999.0     0.0
F_sS1      f          50.0       25.0       0.0        0.0        0.0        0.0        0.0        9999.0     0.0
F_sS6      f          50.0       75.0       0.0        0.0        0.0        0.0        0.0        9999.0     0.0
F8         f          47.0       67.0       0.0        0.0        0.0        0.0        0.0        9999.0     0.0
F12        f          23.0       59.0       0.0        0.0        0.0        0.0        0.0        9999.0     0.0
F13        f          11.0       11.0       0.0        0.0        0.0        0.0        0.0        9999.0     0.0
F15        f          0.0        55.0       0.0        0.0        0.0        0.0        0.0        9999.0     0.0
C33        c          12.0       37.0       10.0       3.0        7.0        45.0       1418.0     1860.0     90.0
C46        c          34.0       30.0       23.0       20.0       3.0        25.0       477.0      1672.0     90.0
C48        c          65.0       63.0       27.0       26.0       1.0        20.0       1090.0     1586.0     90.0
C53        c          35.0       6.0        23.0       4.0        19.0       30.0       348.0      1473.0     90.0
C56        c          43.0       9.0        35.0       7.0        28.0       35.0       1486.0     2689.0     90.0
C57        c          6.0        61.0       13.0       1.0        12.0       30.0       1479.0     1657.0     90.0
C60        c          96.0       36.0       22.0       8.0        14.0       30.0       1678.0     2968.0     90.0
C71        c          43.0       31.0       29.0       21.0       8.0        50.0       524.0      1435.0     90.0
C74        c          70.0       49.0       34.0       24.0       10.0       40.0       592.0      765.0      90.0
C76        c          36.0       60.0       37.0       22.0       15.0       50.0       1117.0     1594.0     90.0
C77        c          37.0       10.0       10.0       3.0        7.0        35.0       1709.0     2805.0     90.0
C78        c          64.0       59.0       27.0       25.0       2.0        35.0       358.0      1045.0     90.0
C80        c          67.0       69.0       10.0       10.0       0.0        50.0       1117.0     2560.0     90.0
C81        c          49.0       29.0       10.0       6.0        4.0        30.0       1502.0     2501.0     90.0
C91        c          1.0        49.0       21.0       0.0        21.0       20.0       1757.0     1846.0     90.0

L Large vehicle loading capacity /1400.0/
C Electric vehicle loading capacity /175.0/
Q Electric vehicle battery capacity /117.8/
r Fuel consumption rate /1.0/
g Inverse refueling rate /2.3/
v Average velocity /1.0/
