StringID   Type       x          y          demand     DeliveryDemand  PickupDemand  DivisionRate ReadyTime  DueDate    ServiceTime
D0         d          50.0       150.0      0.0        0.0        0.0        0.0        0.0        9999.0     0.0
S1         s          50.0       25.0       0.0        0.0        0.0        0.0        0.0        9999.0     0.0
S6         s          50.0       75.0       0.0        0.0        0.0        0.0        0.0        9999.0     0.0
F_sS1      f          50.0       25.0       0.0        0.0        0.0        0.0        0.0        9999.0     0.0
F_sS6      f          50.0       75.0       0.0        0.0        0.0        0.0        0.0        9999.0     0.0
F18        f          68.0       34.0       0.0        0.0        0.0        0.0        0.0        9999.0     0.0
F4         f          44.0       70.0       0.0        0.0        0.0        0.0        0.0        9999.0     0.0
F10        f          52.0       18.0       0.0        0.0        0.0        0.0        0.0        9999.0     0.0
F20        f          71.0       25.0       0.0        0.0        0.0        0.0        0.0        9999.0     0.0
C3         c          83.0       33.0       31.0       12.0       19.0       50.0       854.0      2050.0     90.0
C20        c          90.0       30.0       11.0       4.0        7.0        30.0       398.0      2176.0     90.0
C21        c          48.0       36.0       14.0       10.0       4.0        30.0       2621.0     2920.0     90.0
C26        c          89.0       37.0       20.0       8.0        12.0       20.0       1530.0     2003.0     90.0
C30        c          52.0       36.0       15.0       10.0       5.0        40.0       477.0      2481.0     90.0
C33        c          17.0       73.0       14.0       3.0        11.0       30.0       2283.0     2435.0     90.0
C38        c          32.0       16.0       24.0       12.0       12.0       50.0       2323.0     3383.0     90.0
C47        c          85.0       34.0       36.0       14.0       22.0       20.0       385.0      526.0      90.0
C52        c          33.0       60.0       17.0       9.0        8.0        25.0       3188.0     3342.0     90.0
C71        c          53.0       36.0       10.0       7.0        3.0        50.0       1956.0     2940.0     90.0
C74        c          46.0       36.0       41.0       32.0       9.0        30.0       568.0      2293.0     90.0
C84        c          13.0       69.0       31.0       6.0        25.0       40.0       319.0      1922.0     90.0
C85        c          66.0       66.0       17.0       17.0       0.0        40.0       278.0      554.0      90.0
C87        c          41.0       68.0       15.0       9.0        6.0        20.0       1749.0     2834.0     90.0
C98        c          102.0      30.0       11.0       3.0        8.0        35.0       1465.0     2347.0     90.0

L Large vehicle loading capacity /1400.0/
C Electric vehicle loading capacity /175.0/
Q Electric vehicle battery capacity /117.8/
r Fuel consumption rate /1.0/
g Inverse refueling rate /2.3/
v Average velocity /1.0/
