StringID   Type       x          y          demand     DeliveryDemand  PickupDemand  DivisionRate ReadyTime  DueDate    ServiceTime
D0         d          50.0       150.0      0.0        0.0        0.0        0.0        0.0        9999.0     0.0
S1         s          50.0       25.0       0.0        0.0        0.0        0.0        0.0        9999.0     0.0
S6         s          50.0       75.0       0.0        0.0        0.0        0.0        0.0        9999.0     0.0
F_sS1      f          50.0       25.0       0.0        0.0        0.0        0.0        0.0        9999.0     0.0
F_sS6      f          50.0       75.0       0.0        0.0        0.0        0.0        0.0        9999.0     0.0
F17        f          47.0       76.0       0.0        0.0        0.0        0.0        0.0        9999.0     0.0
F1         f          17.0       56.0       0.0        0.0        0.0        0.0        0.0        9999.0     0.0
F3         f          21.0       83.0       0.0        0.0        0.0        0.0        0.0        9999.0     0.0
F18        f          11.0       15.0       0.0        0.0        0.0        0.0        0.0        9999.0     0.0
C0         c          48.0       33.0       17.0       12.0       5.0        40.0       1271.0     3374.0     90.0
C2         c          32.0       62.0       22.0       11.0       11.0       45.0       1784.0     2640.0     90.0
C11        c          43.0       18.0       25.0       10.0       15.0       50.0       889.0      1289.0     90.0
C15        c          61.0       83.0       13.0       10.0       3.0        45.0       427.0      1779.0     90.0
C26        c          69.0       49.0       23.0       16.0       7.0        50.0       1131.0     2881.0     90.0
C27        c          55.0       74.0       12.0       9.0        3.0        40.0       1763.0     3039.0     90.0
C32        c          41.0       7.0        31.0       5.0        26.0       30.0       1682.0     2200.0     90.0
C33        c          44.0       7.0        32.0       5.0        27.0       35.0       1217.0     2825.0     90.0
C36        c          82.0       33.0       15.0       6.0        9.0        40.0       797.0      2125.0     90.0
C56        c          88.0       34.0       26.0       10.0       16.0       45.0       1200.0     3262.0     90.0
C69        c          82.0       38.0       19.0       9.0        10.0       25.0       679.0      2235.0     90.0
C72        c          49.0       43.0       31.0       27.0       4.0        50.0       107.0      371.0      90.0
C89        c          22.0       78.0       19.0       5.0        14.0       25.0       664.0      813.0      90.0
C95        c          32.0       37.0       10.0       9.0        1.0        40.0       2147.0     2192.0     90.0
C97        c          58.0       41.0       31.0       22.0       9.0        20.0       2457.0     2788.0     90.0

L Large vehicle loading capacity /1400.0/
C Electric vehicle loading capacity /175.0/
Q Electric vehicle battery capacity /117.8/
r Fuel consumption rate /1.0/
g Inverse refueling rate /2.3/
v Average velocity /1.0/
