StringID   Type       x          y          demand     DeliveryDemand  PickupDemand  DivisionRate ReadyTime  DueDate    ServiceTime
D0         d          50.0       150.0      0.0        0.0        0.0        0.0        0.0        9999.0     0.0
S1         s          50.0       25.0       0.0        0.0        0.0        0.0        0.0        9999.0     0.0
S6         s          50.0       75.0       0.0        0.0        0.0        0.0        0.0        9999.0     0.0
F_sS1      f          50.0       25.0       0.0        0.0        0.0        0.0        0.0        9999.0     0.0
F_sS6      f          50.0       75.0       0.0        0.0        0.0        0.0        0.0        9999.0     0.0
F4         f          20.0       42.0       0.0        0.0        0.0        0.0        0.0        9999.0     0.0
F17        f          18.0       50.0       0.0        0.0        0.0        0.0        0.0        9999.0     0.0
F16        f          24.0       25.0       0.0        0.0        0.0        0.0        0.0        9999.0     0.0
F5         f          20.0       29.0       0.0        0.0        0.0        0.0        0.0        9999.0     0.0
C14        c          47.0       58.0       31.0       25.0       6.0        20.0       1762.0     2468.0     90.0
C15        c          46.0       32.0       18.0       13.0       5.0        30.0       1145.0     2267.0     90.0
C17        c          34.0       34.0       10.0       10.0       0.0        40.0       1600.0     3090.0     90.0
C23        c          47.0       39.0       17.0       14.0       3.0        40.0       738.0      2840.0     90.0
C25        c          23.0       54.0       27.0       12.0       15.0       35.0       1038.0     2718.0     90.0
C61        c          65.0       61.0       35.0       33.0       2.0        40.0       420.0      3034.0     90.0
C62        c          16.0       74.0       10.0       2.0        8.0        25.0       1056.0     2563.0     90.0
C66        c          63.0       71.0       19.0       17.0       2.0        30.0       1637.0     2378.0     90.0
C68        c          40.0       8.0        30.0       6.0        24.0       35.0       563.0      1455.0     90.0
C72        c          82.0       39.0       12.0       6.0        6.0        25.0       507.0      2299.0     90.0
C77        c          57.0       77.0       11.0       8.0        3.0        25.0       1614.0     1850.0     90.0
C79        c          2.0        40.0       26.0       1.0        25.0       25.0       409.0      3171.0     90.0
C87        c          8.0        43.0       12.0       2.0        10.0       50.0       577.0      1574.0     90.0
C92        c          65.0       56.0       21.0       18.0       3.0        25.0       545.0      1321.0     90.0
C97        c          66.0       79.0       19.0       16.0       3.0        35.0       1293.0     3245.0     90.0

L Large vehicle loading capacity /1400.0/
C Electric vehicle loading capacity /175.0/
Q Electric vehicle battery capacity /117.8/
r Fuel consumption rate /1.0/
g Inverse refueling rate /2.3/
v Average velocity /1.0/
