StringID   Type       x          y          demand     DeliveryDemand  PickupDemand  DivisionRate ReadyTime  DueDate    ServiceTime
D0         d          50.0       150.0      0.0        0.0        0.0        0.0        0.0        9999.0     0.0
S1         s          50.0       25.0       0.0        0.0        0.0        0.0        0.0        9999.0     0.0
S6         s          50.0       75.0       0.0        0.0        0.0        0.0        0.0        9999.0     0.0
F_sS1      f          50.0       25.0       0.0        0.0        0.0        0.0        0.0        9999.0     0.0
F_sS6      f          50.0       75.0       0.0        0.0        0.0        0.0        0.0        9999.0     0.0
F8         f          59.0       79.0       0.0        0.0        0.0        0.0        0.0        9999.0     0.0
F19        f          59.0       29.0       0.0        0.0        0.0        0.0        0.0        9999.0     0.0
F12        f          66.0       26.0       0.0        0.0        0.0        0.0        0.0        9999.0     0.0
F13        f          45.0       86.0       0.0        0.0        0.0        0.0        0.0        9999.0     0.0
C6         c          16.0       69.0       14.0       3.0        11.0       30.0       1213.0     2770.0     90.0
C9         c          58.0       64.0       31.0       28.0       3.0        30.0       729.0      2413.0     90.0
C13        c          24.0       29.0       22.0       18.0       4.0        25.0       516.0      2082.0     90.0
C24        c          30.0       31.0       18.0       17.0       1.0        45.0       388.0      1782.0     90.0
C33        c          30.0       29.0       11.0       11.0       0.0        45.0       1098.0     2957.0     90.0
C41        c          22.0       75.0       17.0       5.0        12.0       25.0       206.0      2575.0     90.0
C48        c          31.0       37.0       17.0       14.0       3.0        35.0       1501.0     1594.0     90.0
C62        c          14.0       68.0       10.0       2.0        8.0        40.0       2011.0     2461.0     90.0
C64        c          93.0       30.0       30.0       10.0       20.0       45.0       1388.0     2694.0     90.0
C67        c          43.0       67.0       10.0       6.0        4.0        40.0       2115.0     3365.0     90.0
C70        c          24.0       54.0       16.0       7.0        9.0        20.0       2138.0     2582.0     90.0
C85        c          31.0       70.0       16.0       7.0        9.0        40.0       1619.0     2860.0     90.0
C88        c          28.0       52.0       19.0       10.0       9.0        40.0       1238.0     2802.0     90.0
C98        c          21.0       90.0       18.0       4.0        14.0       50.0       2358.0     2970.0     90.0
C99        c          35.0       34.0       10.0       10.0       0.0        35.0       1797.0     2068.0     90.0

L Large vehicle loading capacity /1400.0/
C Electric vehicle loading capacity /175.0/
Q Electric vehicle battery capacity /117.8/
r Fuel consumption rate /1.0/
g Inverse refueling rate /2.3/
v Average velocity /1.0/
