StringID   Type       x          y          demand     DeliveryDemand  PickupDemand  DivisionRate ReadyTime  DueDate    ServiceTime
D0         d          50.0       150.0      0.0        0.0        0.0        0.0        0.0        9999.0     0.0
S1         s          50.0       25.0       0.0        0.0        0.0        0.0        0.0        9999.0     0.0
S6         s          50.0       75.0       0.0        0.0        0.0        0.0        0.0        9999.0     0.0
F_sS1      f          50.0       25.0       0.0        0.0        0.0        0.0        0.0        9999.0     0.0
F_sS6      f          50.0       75.0       0.0        0.0        0.0        0.0        0.0        9999.0     0.0
F7         f          50.0       11.0       0.0        0.0        0.0        0.0        0.0        9999.0     0.0
F9         f          90.0       73.0       0.0        0.0        0.0        0.0        0.0        9999.0     0.0
F14        f          53.0       31.0       0.0        0.0        0.0        0.0        0.0        9999.0     0.0
F16        f          37.0       59.0       0.0        0.0        0.0        0.0        0.0        9999.0     0.0
C5         c          39.0       0.0        10.0       0.0        10.0       35.0       348.0      1569.0     90.0
C6         c          46.0       29.0       10.0       6.0        4.0        45.0       1352.0     3318.0     90.0
C14        c          65.0       81.0       10.0       8.0        2.0        50.0       632.0      2406.0     90.0
C22        c          29.0       29.0       20.0       20.0       0.0        45.0       964.0      1306.0     90.0
C28        c          24.0       89.0       12.0       3.0        9.0        25.0       2046.0     2720.0     90.0
C31        c          43.0       1.0        10.0       0.0        10.0       25.0       2636.0     2820.0     90.0
C33        c          16.0       73.0       24.0       5.0        19.0       35.0       180.0      3154.0     90.0
C39        c          97.0       31.0       10.0       3.0        7.0        25.0       249.0      390.0      90.0
C43        c          20.0       80.0       17.0       4.0        13.0       30.0       2861.0     3149.0     90.0
C45        c          98.0       24.0       18.0       4.0        14.0       45.0       1441.0     3214.0     90.0
C51        c          4.0        37.0       28.0       3.0        25.0       35.0       2617.0     3032.0     90.0
C59        c          23.0       49.0       19.0       9.0        10.0       40.0       898.0      2398.0     90.0
C64        c          62.0       49.0       20.0       16.0       4.0        40.0       274.0      620.0      90.0
C81        c          18.0       84.0       10.0       2.0        8.0        45.0       2424.0     3230.0     90.0
C84        c          5.0        45.0       10.0       1.0        9.0        40.0       1272.0     2071.0     90.0

L Large vehicle loading capacity /1400.0/
C Electric vehicle loading capacity /175.0/
Q Electric vehicle battery capacity /117.8/
r Fuel consumption rate /1.0/
g Inverse refueling rate /2.3/
v Average velocity /1.0/
