StringID   Type       x          y          demand     DeliveryDemand  PickupDemand  DivisionRate ReadyTime  DueDate    ServiceTime
D0         d          50.0       150.0      0.0        0.0        0.0        0.0        0.0        9999.0     0.0
S1         s          50.0       25.0       0.0        0.0        0.0        0.0        0.0        9999.0     0.0
S6         s          50.0       75.0       0.0        0.0        0.0        0.0        0.0        9999.0     0.0
F_sS1      f          50.0       25.0       0.0        0.0        0.0        0.0        0.0        9999.0     0.0
F_sS6      f          50.0       75.0       0.0        0.0        0.0        0.0        0.0        9999.0     0.0
F15        f          44.0       20.0       0.0        0.0        0.0        0.0        0.0        9999.0     0.0
F19        f          60.0       69.0       0.0        0.0        0.0        0.0        0.0        9999.0     0.0
F13        f          41.0       63.0       0.0        0.0        0.0        0.0        0.0        9999.0     0.0
F7         f          43.0       90.0       0.0        0.0        0.0        0.0        0.0        9999.0     0.0
C1         c          57.0       48.0       16.0       13.0       3.0        50.0       1043.0     2298.0     90.0
C10        c          22.0       82.0       15.0       4.0        11.0       40.0       2152.0     2576.0     90.0
C16        c          40.0       7.0        14.0       2.0        12.0       35.0       714.0      1538.0     90.0
C19        c          76.0       47.0       10.0       6.0        4.0        30.0       2463.0     2677.0     90.0
C28        c          35.0       67.0       10.0       5.0        5.0        35.0       2733.0     3204.0     90.0
C33        c          9.0        39.0       36.0       8.0        28.0       50.0       1491.0     2093.0     90.0
C34        c          92.0       40.0       12.0       5.0        7.0        35.0       224.0      2991.0     90.0
C54        c          8.0        43.0       27.0       5.0        22.0       35.0       955.0      1075.0     90.0
C57        c          26.0       51.0       21.0       11.0       10.0       40.0       1353.0     3270.0     90.0
C60        c          52.0       36.0       13.0       9.0        4.0        20.0       316.0      1947.0     90.0
C62        c          42.0       10.0       30.0       7.0        23.0       25.0       1744.0     2989.0     90.0
C78        c          18.0       80.0       27.0       6.0        21.0       30.0       1568.0     2626.0     90.0
C79        c          38.0       15.0       13.0       5.0        8.0        30.0       1678.0     2176.0     90.0
C85        c          3.0        44.0       15.0       1.0        14.0       25.0       1786.0     2910.0     90.0
C97        c          71.0       62.0       20.0       17.0       3.0        20.0       1449.0     2539.0     90.0

L Large vehicle loading capacity /1400.0/
C Electric vehicle loading capacity /175.0/
Q Electric vehicle battery capacity /117.8/
r Fuel consumption rate /1.0/
g Inverse refueling rate /2.3/
v Average velocity /1.0/
