StringID   Type       x          y          demand     DeliveryDemand  PickupDemand  DivisionRate ReadyTime  DueDate    ServiceTime
D0         d          50.0       150.0      0.0        0.0        0.0        0.0        0.0        9999.0     0.0
S1         s          50.0       25.0       0.0        0.0        0.0        0.0        0.0        9999.0     0.0
S6         s          50.0       75.0       0.0        0.0        0.0        0.0        0.0        9999.0     0.0
F_sS1      f          50.0       25.0       0.0        0.0        0.0        0.0        0.0        9999.0     0.0
F_sS6      f          50.0       75.0       0.0        0.0        0.0        0.0        0.0        9999.0     0.0
F1         f          4.0        68.0       0.0        0.0        0.0        0.0        0.0        9999.0     0.0
F2         f          53.0       41.0       0.0        0.0        0.0        0.0        0.0        9999.0     0.0
F17        f          33.0       27.0       0.0        0.0        0.0        0.0        0.0        9999.0     0.0
F11        f          90.0       57.0       0.0        0.0        0.0        0.0        0.0        9999.0     0.0
C1         c          32.0       39.0       16.0       13.0       3.0        35.0       1280.0     1792.0     90.0
C9         c          45.0       37.0       10.0       8.0        2.0        20.0       1631.0     3191.0     90.0
C10        c          1.0        42.0       33.0       1.0        32.0       35.0       714.0      1976.0     90.0
C15        c          97.0       35.0       13.0       5.0        8.0        50.0       1388.0     1729.0     90.0
C21        c          92.0       29.0       26.0       8.0        18.0       50.0       2426.0     2490.0     90.0
C29        c          35.0       13.0       26.0       10.0       16.0       35.0       760.0      2247.0     90.0
C32        c          1.0        44.0       16.0       0.0        16.0       35.0       1452.0     2562.0     90.0
C41        c          38.0       25.0       14.0       9.0        5.0        25.0       830.0      2280.0     90.0
C48        c          94.0       37.0       12.0       5.0        7.0        45.0       1515.0     2596.0     90.0
C58        c          7.0        49.0       21.0       3.0        18.0       30.0       351.0      1512.0     90.0
C63        c          0.0        43.0       10.0       0.0        10.0       40.0       1834.0     2196.0     90.0
C76        c          71.0       48.0       13.0       9.0        4.0        50.0       539.0      2921.0     90.0
C80        c          15.0       74.0       18.0       4.0        14.0       25.0       356.0      915.0      90.0
C85        c          40.0       4.0        20.0       2.0        18.0       20.0       1038.0     1331.0     90.0
C99        c          52.0       35.0       10.0       7.0        3.0        35.0       474.0      2784.0     90.0

L Large vehicle loading capacity /1400.0/
C Electric vehicle loading capacity /175.0/
Q Electric vehicle battery capacity /117.8/
r Fuel consumption rate /1.0/
g Inverse refueling rate /2.3/
v Average velocity /1.0/
