StringID   Type       x          y          demand     DeliveryDemand  PickupDemand  DivisionRate ReadyTime  DueDate    ServiceTime
D0         d          50.0       150.0      0.0        0.0        0.0        0.0        0.0        9999.0     0.0
S1         s          50.0       25.0       0.0        0.0        0.0        0.0        0.0        9999.0     0.0
S6         s          50.0       75.0       0.0        0.0        0.0        0.0        0.0        9999.0     0.0
F_sS1      f          50.0       25.0       0.0        0.0        0.0        0.0        0.0        9999.0     0.0
F_sS6      f          50.0       75.0       0.0        0.0        0.0        0.0        0.0        9999.0     0.0
F4         f          42.0       21.0       0.0        0.0        0.0        0.0        0.0        9999.0     0.0
F9         f          9.0        78.0       0.0        0.0        0.0        0.0        0.0        9999.0     0.0
F10        f          15.0       52.0       0.0        0.0        0.0        0.0        0.0        9999.0     0.0
F17        f          48.0       38.0       0.0        0.0        0.0        0.0        0.0        9999.0     0.0
C8         c          39.0       21.0       23.0       12.0       11.0       35.0       775.0      2009.0     90.0
C15        c          32.0       68.0       21.0       10.0       11.0       30.0       1080.0     1367.0     90.0
C20        c          21.0       53.0       17.0       7.0        10.0       50.0       691.0      2634.0     90.0
C23        c          20.0       77.0       10.0       3.0        7.0        45.0       945.0      1101.0     90.0
C24        c          11.0       64.0       25.0       4.0        21.0       50.0       784.0      2489.0     90.0
C25        c          44.0       9.0        26.0       5.0        21.0       45.0       577.0      1297.0     90.0
C42        c          24.0       34.0       18.0       13.0       5.0        40.0       1065.0     2348.0     90.0
C53        c          76.0       56.0       23.0       17.0       6.0        20.0       278.0      2362.0     90.0
C54        c          38.0       29.0       10.0       8.0        2.0        45.0       744.0      1659.0     90.0
C60        c          4.0        37.0       10.0       1.0        9.0        20.0       1677.0     1827.0     90.0
C62        c          7.0        46.0       32.0       5.0        27.0       40.0       143.0      2126.0     90.0
C75        c          9.0        69.0       20.0       3.0        17.0       20.0       1362.0     1473.0     90.0
C92        c          62.0       77.0       38.0       31.0       7.0        20.0       393.0      1304.0     90.0
C95        c          59.0       62.0       10.0       10.0       0.0        45.0       983.0      2642.0     90.0
C99        c          6.0        46.0       20.0       3.0        17.0       25.0       540.0      3279.0     90.0

L Large vehicle loading capacity /1400.0/
C Electric vehicle loading capacity /175.0/
Q Electric vehicle battery capacity /117.8/
r Fuel consumption rate /1.0/
g Inverse refueling rate /2.3/
v Average velocity /1.0/
