StringID   Type       x          y          demand     DeliveryDemand  PickupDemand  DivisionRate ReadyTime  DueDate    ServiceTime
D0         d          50.0       150.0      0.0        0.0        0.0        0.0        0.0        9999.0     0.0
S1         s          50.0       25.0       0.0        0.0        0.0        0.0        0.0        9999.0     0.0
S6         s          50.0       75.0       0.0        0.0        0.0        0.0        0.0        9999.0     0.0
F_sS1      f          50.0       25.0       0.0        0.0        0.0        0.0        0.0        9999.0     0.0
F_sS6      f          50.0       75.0       0.0        0.0        0.0        0.0        0.0        9999.0     0.0
F10        f          72.0       11.0       0.0        0.0        0.0        0.0        0.0        9999.0     0.0
F7         f          52.0       90.0       0.0        0.0        0.0        0.0        0.0        9999.0     0.0
F17        f          33.0       37.0       0.0        0.0        0.0        0.0        0.0        9999.0     0.0
F6         f          0.0        37.0       0.0        0.0        0.0        0.0        0.0        9999.0     0.0
C3         c          34.0       59.0       30.0       17.0       13.0       35.0       974.0      1187.0     90.0
C12        c          9.0        31.0       13.0       4.0        9.0        20.0       605.0      2001.0     90.0
C14        c          45.0       6.0        10.0       1.0        9.0        40.0       1103.0     2704.0     90.0
C25        c          61.0       50.0       20.0       16.0       4.0        35.0       1793.0     2460.0     90.0
C26        c          70.0       57.0       13.0       11.0       2.0        45.0       322.0      386.0      90.0
C38        c          25.0       53.0       10.0       5.0        5.0        30.0       996.0      1906.0     90.0
C50        c          12.0       76.0       10.0       2.0        8.0        30.0       608.0      3077.0     90.0
C54        c          43.0       6.0        32.0       4.0        28.0       35.0       1744.0     3388.0     90.0
C55        c          4.0        39.0       29.0       3.0        26.0       35.0       1872.0     3286.0     90.0
C57        c          55.0       81.0       13.0       9.0        4.0        35.0       1821.0     2874.0     90.0
C58        c          59.0       90.0       17.0       11.0       6.0        35.0       1897.0     3172.0     90.0
C60        c          18.0       75.0       10.0       2.0        8.0        50.0       706.0      1260.0     90.0
C77        c          35.0       64.0       17.0       9.0        8.0        50.0       1065.0     1720.0     90.0
C83        c          7.0        48.0       10.0       1.0        9.0        30.0       1017.0     1422.0     90.0
C85        c          27.0       26.0       25.0       24.0       1.0        30.0       1362.0     1626.0     90.0

L Large vehicle loading capacity /1400.0/
C Electric vehicle loading capacity /175.0/
Q Electric vehicle battery capacity /117.8/
r Fuel consumption rate /1.0/
g Inverse refueling rate /2.3/
v Average velocity /1.0/
