StringID   Type       x          y          demand     DeliveryDemand  PickupDemand  DivisionRate ReadyTime  DueDate    ServiceTime
D0         d          50.0       150.0      0.0        0.0        0.0        0.0        0.0        9999.0     0.0
S1         s          50.0       25.0       0.0        0.0        0.0        0.0        0.0        9999.0     0.0
S6         s          50.0       75.0       0.0        0.0        0.0        0.0        0.0        9999.0     0.0
F_sS1      f          50.0       25.0       0.0        0.0        0.0        0.0        0.0        9999.0     0.0
F_sS6      f          50.0       75.0       0.0        0.0        0.0        0.0        0.0        9999.0     0.0
F2         f          36.0       93.0       0.0        0.0        0.0        0.0        0.0        9999.0     0.0
F16        f          3.0        51.0       0.0        0.0        0.0        0.0        0.0        9999.0     0.0
F14        f          36.0       38.0       0.0        0.0        0.0        0.0        0.0        9999.0     0.0
F18        f          7.0        32.0       0.0        0.0        0.0        0.0        0.0        9999.0     0.0
C5         c          62.0       82.0       23.0       17.0       6.0        25.0       900.0      3010.0     90.0
C12        c          33.0       25.0       16.0       12.0       4.0        40.0       1542.0     3154.0     90.0
C19        c          50.0       80.0       13.0       8.0        5.0        20.0       260.0      1995.0     90.0
C26        c          36.0       74.0       29.0       14.0       15.0       30.0       3189.0     3255.0     90.0
C27        c          23.0       93.0       15.0       4.0        11.0       35.0       1435.0     3083.0     90.0
C28        c          21.0       83.0       19.0       5.0        14.0       25.0       2284.0     2362.0     90.0
C39        c          13.0       74.0       12.0       2.0        10.0       35.0       671.0      2371.0     90.0
C48        c          49.0       79.0       19.0       12.0       7.0        40.0       1318.0     2138.0     90.0
C56        c          33.0       35.0       26.0       25.0       1.0        30.0       711.0      2287.0     90.0
C57        c          69.0       84.0       10.0       8.0        2.0        35.0       600.0      1522.0     90.0
C62        c          45.0       31.0       15.0       10.0       5.0        30.0       531.0      1476.0     90.0
C81        c          6.0        40.0       14.0       2.0        12.0       45.0       1067.0     2275.0     90.0
C89        c          35.0       52.0       25.0       17.0       8.0        30.0       2247.0     3013.0     90.0
C91        c          41.0       28.0       27.0       18.0       9.0        30.0       767.0      3086.0     90.0
C94        c          64.0       60.0       10.0       9.0        1.0        25.0       1095.0     1415.0     90.0

L Large vehicle loading capacity /1400.0/
C Electric vehicle loading capacity /175.0/
Q Electric vehicle battery capacity /117.8/
r Fuel consumption rate /1.0/
g Inverse refueling rate /2.3/
v Average velocity /1.0/
