StringID   Type       x          y          demand     DeliveryDemand  PickupDemand  DivisionRate ReadyTime  DueDate    ServiceTime
D0         d          50.0       150.0      0.0        0.0        0.0        0.0        0.0        9999.0     0.0
S1         s          50.0       25.0       0.0        0.0        0.0        0.0        0.0        9999.0     0.0
S6         s          50.0       75.0       0.0        0.0        0.0        0.0        0.0        9999.0     0.0
F_sS1      f          50.0       25.0       0.0        0.0        0.0        0.0        0.0        9999.0     0.0
F_sS6      f          50.0       75.0       0.0        0.0        0.0        0.0        0.0        9999.0     0.0
F1         f          45.0       54.0       0.0        0.0        0.0        0.0        0.0        9999.0     0.0
F7         f          90.0       56.0       0.0        0.0        0.0        0.0        0.0        9999.0     0.0
F4         f          66.0       26.0       0.0        0.0        0.0        0.0        0.0        9999.0     0.0
F11        f          59.0       67.0       0.0        0.0        0.0        0.0        0.0        9999.0     0.0
C0         c          69.0       74.0       10.0       9.0        1.0        40.0       2508.0     2851.0     90.0
C5         c          67.0       57.0       29.0       25.0       4.0        30.0       518.0      2199.0     90.0
C10        c          34.0       38.0       22.0       20.0       2.0        30.0       1023.0     1125.0     90.0
C12        c          27.0       51.0       21.0       11.0       10.0       25.0       206.0      1437.0     90.0
C14        c          52.0       40.0       17.0       13.0       4.0        20.0       540.0      1535.0     90.0
C15        c          58.0       36.0       10.0       6.0        4.0        50.0       2492.0     2934.0     90.0
C24        c          28.0       32.0       17.0       15.0       2.0        45.0       1023.0     1998.0     90.0
C25        c          81.0       34.0       35.0       15.0       20.0       35.0       1729.0     1920.0     90.0
C39        c          56.0       82.0       32.0       22.0       10.0       45.0       1473.0     2378.0     90.0
C46        c          59.0       73.0       29.0       23.0       6.0        20.0       2429.0     3101.0     90.0
C58        c          14.0       67.0       32.0       7.0        25.0       40.0       1725.0     1891.0     90.0
C68        c          88.0       37.0       11.0       5.0        6.0        40.0       1106.0     2029.0     90.0
C69        c          48.0       46.0       35.0       34.0       1.0        35.0       143.0      1347.0     90.0
C81        c          63.0       82.0       10.0       8.0        2.0        50.0       959.0      2640.0     90.0
C98        c          25.0       35.0       17.0       12.0       5.0        45.0       1738.0     2841.0     90.0

L Large vehicle loading capacity /1400.0/
C Electric vehicle loading capacity /175.0/
Q Electric vehicle battery capacity /117.8/
r Fuel consumption rate /1.0/
g Inverse refueling rate /2.3/
v Average velocity /1.0/
