StringID   Type       x          y          demand     DeliveryDemand  PickupDemand  DivisionRate ReadyTime  DueDate    ServiceTime
D0         d          50.0       150.0      0.0        0.0        0.0        0.0        0.0        9999.0     0.0
S1         s          50.0       25.0       0.0        0.0        0.0        0.0        0.0        9999.0     0.0
S6         s          50.0       75.0       0.0        0.0        0.0        0.0        0.0        9999.0     0.0
F_sS1      f          50.0       25.0       0.0        0.0        0.0        0.0        0.0        9999.0     0.0
F_sS6      f          50.0       75.0       0.0        0.0        0.0        0.0        0.0        9999.0     0.0
F7         f          54.0       96.0       0.0        0.0        0.0        0.0        0.0        9999.0     0.0
F15        f          89.0       43.0       0.0        0.0        0.0        0.0        0.0        9999.0     0.0
F6         f          90.0       52.0       0.0        0.0        0.0        0.0        0.0        9999.0     0.0
F14        f          77.0       42.0       0.0        0.0        0.0        0.0        0.0        9999.0     0.0
C4         c          59.0       88.0       32.0       21.0       11.0       35.0       983.0      1100.0     90.0
C5         c          47.0       34.0       16.0       12.0       4.0        40.0       745.0      2208.0     90.0
C12        c          21.0       31.0       24.0       16.0       8.0        30.0       689.0      2433.0     90.0
C30        c          19.0       79.0       29.0       7.0        22.0       45.0       1296.0     1430.0     90.0
C37        c          30.0       35.0       21.0       18.0       3.0        35.0       649.0      1423.0     90.0
C43        c          7.0        50.0       10.0       1.0        9.0        40.0       345.0      2830.0     90.0
C48        c          12.0       78.0       32.0       5.0        27.0       25.0       513.0      2512.0     90.0
C52        c          26.0       68.0       14.0       5.0        9.0        30.0       974.0      1136.0     90.0
C56        c          64.0       83.0       40.0       31.0       9.0        30.0       320.0      2392.0     90.0
C60        c          86.0       34.0       13.0       5.0        8.0        45.0       1041.0     1419.0     90.0
C63        c          41.0       14.0       22.0       8.0        14.0       50.0       1627.0     2127.0     90.0
C80        c          13.0       68.0       10.0       2.0        8.0        30.0       2634.0     2848.0     90.0
C83        c          42.0       70.0       25.0       15.0       10.0       40.0       1457.0     2870.0     90.0
C88        c          30.0       32.0       10.0       9.0        1.0        20.0       2107.0     3117.0     90.0
C98        c          48.0       35.0       11.0       8.0        3.0        30.0       1301.0     1450.0     90.0

L Large vehicle loading capacity /1400.0/
C Electric vehicle loading capacity /175.0/
Q Electric vehicle battery capacity /117.8/
r Fuel consumption rate /1.0/
g Inverse refueling rate /2.3/
v Average velocity /1.0/
