StringID   Type       x          y          demand     DeliveryDemand  PickupDemand  DivisionRate ReadyTime  DueDate    ServiceTime
D0         d          50.0       150.0      0.0        0.0        0.0        0.0        0.0        9999.0     0.0
S1         s          50.0       25.0       0.0        0.0        0.0        0.0        0.0        9999.0     0.0
S6         s          50.0       75.0       0.0        0.0        0.0        0.0        0.0        9999.0     0.0
F_sS1      f          50.0       25.0       0.0        0.0        0.0        0.0        0.0        9999.0     0.0
F_sS6      f          50.0       75.0       0.0        0.0        0.0        0.0        0.0        9999.0     0.0
F14        f          14.0       76.0       0.0        0.0        0.0        0.0        0.0        9999.0     0.0
F16        f          90.0       51.0       0.0        0.0        0.0        0.0        0.0        9999.0     0.0
F5         f          90.0       72.0       0.0        0.0        0.0        0.0        0.0        9999.0     0.0
F20        f          22.0       63.0       0.0        0.0        0.0        0.0        0.0        9999.0     0.0
C9         c          13.0       80.0       16.0       3.0        13.0       50.0       731.0      774.0      90.0
C20        c          34.0       9.0        26.0       7.0        19.0       50.0       534.0      2751.0     90.0
C29        c          96.0       33.0       39.0       13.0       26.0       35.0       1178.0     1503.0     90.0
C32        c          42.0       67.0       10.0       6.0        4.0        35.0       291.0      1059.0     90.0
C34        c          48.0       31.0       46.0       30.0       16.0       40.0       1243.0     1762.0     90.0
C37        c          95.0       30.0       22.0       7.0        15.0       40.0       3184.0     3284.0     90.0
C42        c          32.0       71.0       35.0       16.0       19.0       50.0       1935.0     2068.0     90.0
C52        c          12.0       62.0       20.0       4.0        16.0       25.0       2541.0     2844.0     90.0
C64        c          46.0       62.0       20.0       15.0       5.0        35.0       1157.0     2580.0     90.0
C68        c          14.0       80.0       19.0       3.0        16.0       30.0       563.0      875.0      90.0
C81        c          51.0       35.0       17.0       12.0       5.0        50.0       335.0      382.0      90.0
C82        c          49.0       37.0       18.0       14.0       4.0        30.0       2213.0     2308.0     90.0
C88        c          23.0       53.0       10.0       4.0        6.0        40.0       1707.0     1992.0     90.0
C89        c          40.0       18.0       14.0       6.0        8.0        45.0       304.0      2379.0     90.0
C98        c          21.0       65.0       27.0       9.0        18.0       35.0       125.0      2049.0     90.0

L Large vehicle loading capacity /1400.0/
C Electric vehicle loading capacity /175.0/
Q Electric vehicle battery capacity /117.8/
r Fuel consumption rate /1.0/
g Inverse refueling rate /2.3/
v Average velocity /1.0/
