StringID   Type       x          y          demand     DeliveryDemand  PickupDemand  DivisionRate ReadyTime  DueDate    ServiceTime
D0         d          50.0       150.0      0.0        0.0        0.0        0.0        0.0        9999.0     0.0
S1         s          50.0       25.0       0.0        0.0        0.0        0.0        0.0        9999.0     0.0
S6         s          50.0       75.0       0.0        0.0        0.0        0.0        0.0        9999.0     0.0
F_sS1      f          50.0       25.0       0.0        0.0        0.0        0.0        0.0        9999.0     0.0
F_sS6      f          50.0       75.0       0.0        0.0        0.0        0.0        0.0        9999.0     0.0
F11        f          30.0       47.0       0.0        0.0        0.0        0.0        0.0        9999.0     0.0
F19        f          70.0       23.0       0.0        0.0        0.0        0.0        0.0        9999.0     0.0
F5         f          90.0       49.0       0.0        0.0        0.0        0.0        0.0        9999.0     0.0
F6         f          55.0       30.0       0.0        0.0        0.0        0.0        0.0        9999.0     0.0
C1         c          12.0       39.0       25.0       8.0        17.0       30.0       923.0      2909.0     90.0
C8         c          5.0        41.0       21.0       3.0        18.0       25.0       2201.0     2330.0     90.0
C9         c          60.0       86.0       14.0       10.0       4.0        35.0       1223.0     3111.0     90.0
C10        c          30.0       33.0       10.0       9.0        1.0        35.0       687.0      2120.0     90.0
C20        c          33.0       64.0       20.0       10.0       10.0       20.0       1371.0     2401.0     90.0
C39        c          45.0       61.0       14.0       10.0       4.0        45.0       1097.0     1490.0     90.0
C40        c          64.0       58.0       30.0       27.0       3.0        35.0       1557.0     2993.0     90.0
C48        c          36.0       70.0       14.0       7.0        7.0        35.0       813.0      3294.0     90.0
C51        c          9.0        46.0       10.0       2.0        8.0        30.0       1141.0     2872.0     90.0
C58        c          19.0       85.0       22.0       5.0        17.0       40.0       105.0      1286.0     90.0
C71        c          55.0       63.0       10.0       9.0        1.0        50.0       2136.0     2788.0     90.0
C77        c          25.0       32.0       17.0       13.0       4.0        40.0       726.0      877.0      90.0
C90        c          30.0       27.0       10.0       9.0        1.0        45.0       779.0      1138.0     90.0
C96        c          57.0       62.0       18.0       17.0       1.0        25.0       1314.0     2947.0     90.0
C99        c          8.0        65.0       20.0       2.0        18.0       50.0       935.0      1816.0     90.0

L Large vehicle loading capacity /1400.0/
C Electric vehicle loading capacity /175.0/
Q Electric vehicle battery capacity /117.8/
r Fuel consumption rate /1.0/
g Inverse refueling rate /2.3/
v Average velocity /1.0/
