StringID   Type       x          y          demand     DeliveryDemand  PickupDemand  DivisionRate ReadyTime  DueDate    ServiceTime
D0         d          50.0       150.0      0.0        0.0        0.0        0.0        0.0        9999.0     0.0
S1         s          50.0       25.0       0.0        0.0        0.0        0.0        0.0        9999.0     0.0
S6         s          50.0       75.0       0.0        0.0        0.0        0.0        0.0        9999.0     0.0
F_sS1      f          50.0       25.0       0.0        0.0        0.0        0.0        0.0        9999.0     0.0
F_sS6      f          50.0       75.0       0.0        0.0        0.0        0.0        0.0        9999.0     0.0
F20        f          8.0        23.0       0.0        0.0        0.0        0.0        0.0        9999.0     0.0
F15        f          63.0       57.0       0.0        0.0        0.0        0.0        0.0        9999.0     0.0
F5         f          76.0       33.0       0.0        0.0        0.0        0.0        0.0        9999.0     0.0
F9         f          26.0       11.0       0.0        0.0        0.0        0.0        0.0        9999.0     0.0
C13        c          5.0        34.0       19.0       3.0        16.0       20.0       1649.0     2327.0     90.0
C16        c          19.0       69.0       24.0       7.0        17.0       50.0       875.0      2549.0     90.0
C23        c          12.0       69.0       15.0       3.0        12.0       40.0       172.0      1932.0     90.0
C27        c          22.0       86.0       28.0       7.0        21.0       40.0       760.0      2635.0     90.0
C35        c          33.0       34.0       16.0       16.0       0.0        25.0       1864.0     2823.0     90.0
C46        c          28.0       27.0       10.0       10.0       0.0        50.0       2732.0     3114.0     90.0
C56        c          5.0        43.0       12.0       1.0        11.0       40.0       259.0      1103.0     90.0
C64        c          50.0       38.0       20.0       15.0       5.0        40.0       456.0      1240.0     90.0
C80        c          62.0       67.0       10.0       9.0        1.0        35.0       550.0      746.0      90.0
C82        c          33.0       33.0       10.0       10.0       0.0        35.0       731.0      2426.0     90.0
C84        c          53.0       78.0       10.0       7.0        3.0        20.0       964.0      2500.0     90.0
C86        c          28.0       34.0       10.0       8.0        2.0        35.0       1493.0     2533.0     90.0
C93        c          36.0       69.0       30.0       16.0       14.0       30.0       2757.0     2785.0     90.0
C95        c          27.0       52.0       16.0       8.0        8.0        45.0       2687.0     2962.0     90.0
C97        c          31.0       33.0       10.0       9.0        1.0        30.0       2738.0     3170.0     90.0

L Large vehicle loading capacity /1400.0/
C Electric vehicle loading capacity /175.0/
Q Electric vehicle battery capacity /117.8/
r Fuel consumption rate /1.0/
g Inverse refueling rate /2.3/
v Average velocity /1.0/
