StringID   Type       x          y          demand     DeliveryDemand  PickupDemand  DivisionRate ReadyTime  DueDate    ServiceTime
D0         d          50.0       150.0      0.0        0.0        0.0        0.0        0.0        9999.0     0.0
S1         s          50.0       25.0       0.0        0.0        0.0        0.0        0.0        9999.0     0.0
S6         s          50.0       75.0       0.0        0.0        0.0        0.0        0.0        9999.0     0.0
F_sS1      f          50.0       25.0       0.0        0.0        0.0        0.0        0.0        9999.0     0.0
F_sS6      f          50.0       75.0       0.0        0.0        0.0        0.0        0.0        9999.0     0.0
F2         f          54.0       45.0       0.0        0.0        0.0        0.0        0.0        9999.0     0.0
F11        f          57.0       45.0       0.0        0.0        0.0        0.0        0.0        9999.0     0.0
F18        f          38.0       18.0       0.0        0.0        0.0        0.0        0.0        9999.0     0.0
F19        f          24.0       50.0       0.0        0.0        0.0        0.0        0.0        9999.0     0.0
C1         c          17.0       71.0       10.0       2.0        8.0        30.0       578.0      1012.0     90.0
C9         c          33.0       31.0       25.0       23.0       2.0        40.0       1476.0     2747.0     90.0
C10        c          41.0       62.0       26.0       17.0       9.0        25.0       1457.0     1967.0     90.0
C12        c          25.0       54.0       12.0       6.0        6.0        35.0       1012.0     1687.0     90.0
C15        c          87.0       26.0       24.0       7.0        17.0       20.0       914.0      1250.0     90.0
C16        c          54.0       36.0       40.0       27.0       13.0       45.0       1697.0     3284.0     90.0
C21        c          42.0       8.0        22.0       4.0        18.0       30.0       1208.0     2792.0     90.0
C31        c          86.0       39.0       13.0       6.0        7.0        35.0       1601.0     3096.0     90.0
C43        c          23.0       82.0       27.0       8.0        19.0       35.0       1700.0     1976.0     90.0
C47        c          42.0       2.0        20.0       1.0        19.0       50.0       1349.0     1982.0     90.0
C67        c          38.0       8.0        36.0       8.0        28.0       50.0       1968.0     3070.0     90.0
C72        c          12.0       71.0       13.0       2.0        11.0       40.0       1518.0     2478.0     90.0
C80        c          39.0       28.0       26.0       19.0       7.0        25.0       2649.0     3073.0     90.0
C92        c          3.0        35.0       13.0       1.0        12.0       25.0       118.0      3055.0     90.0
C99        c          60.0       82.0       10.0       7.0        3.0        35.0       964.0      2732.0     90.0

L Large vehicle loading capacity /1400.0/
C Electric vehicle loading capacity /175.0/
Q Electric vehicle battery capacity /117.8/
r Fuel consumption rate /1.0/
g Inverse refueling rate /2.3/
v Average velocity /1.0/
