StringID   Type       x          y          demand     DeliveryDemand  PickupDemand  DivisionRate ReadyTime  DueDate    ServiceTime
D0         d          50.0       150.0      0.0        0.0        0.0        0.0        0.0        9999.0     0.0
S1         s          50.0       25.0       0.0        0.0        0.0        0.0        0.0        9999.0     0.0
S6         s          50.0       75.0       0.0        0.0        0.0        0.0        0.0        9999.0     0.0
F_sS1      f          50.0       25.0       0.0        0.0        0.0        0.0        0.0        9999.0     0.0
F_sS6      f          50.0       75.0       0.0        0.0        0.0        0.0        0.0        9999.0     0.0
F3         f          56.0       45.0       0.0        0.0        0.0        0.0        0.0        9999.0     0.0
F11        f          36.0       65.0       0.0        0.0        0.0        0.0        0.0        9999.0     0.0
F2         f          38.0       25.0       0.0        0.0        0.0        0.0        0.0        9999.0     0.0
F5         f          61.0       24.0       0.0        0.0        0.0        0.0        0.0        9999.0     0.0
C1         c          28.0       54.0       24.0       12.0       12.0       40.0       1668.0     2147.0     90.0
C6         c          62.0       82.0       23.0       17.0       6.0        40.0       2839.0     2885.0     90.0
C17        c          73.0       54.0       34.0       25.0       9.0        35.0       1644.0     3275.0     90.0
C19        c          47.0       33.0       14.0       10.0       4.0        40.0       1024.0     3345.0     90.0
C36        c          18.0       71.0       18.0       5.0        13.0       35.0       2021.0     3017.0     90.0
C40        c          32.0       66.0       21.0       10.0       11.0       50.0       668.0      2517.0     90.0
C46        c          26.0       52.0       10.0       5.0        5.0        30.0       288.0      2748.0     90.0
C47        c          53.0       33.0       10.0       6.0        4.0        20.0       1452.0     1705.0     90.0
C63        c          30.0       33.0       13.0       12.0       1.0        30.0       1721.0     2697.0     90.0
C64        c          88.0       28.0       10.0       3.0        7.0        25.0       940.0      3120.0     90.0
C68        c          4.0        42.0       22.0       2.0        20.0       30.0       2002.0     2579.0     90.0
C70        c          29.0       38.0       10.0       8.0        2.0        25.0       263.0      1029.0     90.0
C73        c          36.0       5.0        20.0       3.0        17.0       35.0       617.0      2918.0     90.0
C74        c          13.0       59.0       18.0       4.0        14.0       25.0       2609.0     2751.0     90.0
C86        c          23.0       52.0       28.0       12.0       16.0       45.0       198.0      878.0      90.0

L Large vehicle loading capacity /1400.0/
C Electric vehicle loading capacity /175.0/
Q Electric vehicle battery capacity /117.8/
r Fuel consumption rate /1.0/
g Inverse refueling rate /2.3/
v Average velocity /1.0/
