StringID   Type       x          y          demand     DeliveryDemand  PickupDemand  DivisionRate ReadyTime  DueDate    ServiceTime
D0         d          50.0       150.0      0.0        0.0        0.0        0.0        0.0        9999.0     0.0
S1         s          50.0       25.0       0.0        0.0        0.0        0.0        0.0        9999.0     0.0
S6         s          50.0       75.0       0.0        0.0        0.0        0.0        0.0        9999.0     0.0
F_sS1      f          50.0       25.0       0.0        0.0        0.0        0.0        0.0        9999.0     0.0
F_sS6      f          50.0       75.0       0.0        0.0        0.0        0.0        0.0        9999.0     0.0
F3         f          69.0       42.0       0.0        0.0        0.0        0.0        0.0        9999.0     0.0
F0         f          62.0       96.0       0.0        0.0        0.0        0.0        0.0        9999.0     0.0
F15        f          0.0        40.0       0.0        0.0        0.0        0.0        0.0        9999.0     0.0
F7         f          41.0       67.0       0.0        0.0        0.0        0.0        0.0        9999.0     0.0
C0         c          23.0       53.0       21.0       9.0        12.0       35.0       1173.0     1929.0     90.0
C1         c          39.0       9.0        10.0       2.0        8.0        30.0       1700.0     2354.0     90.0
C2         c          34.0       9.0        22.0       6.0        16.0       40.0       973.0      3020.0     90.0
C14        c          38.0       10.0       18.0       5.0        13.0       25.0       1730.0     3328.0     90.0
C24        c          25.0       86.0       16.0       5.0        11.0       30.0       2539.0     2787.0     90.0
C27        c          36.0       3.0        21.0       2.0        19.0       40.0       2957.0     3033.0     90.0
C33        c          46.0       37.0       37.0       30.0       7.0        35.0       753.0      2296.0     90.0
C34        c          60.0       88.0       31.0       21.0       10.0       45.0       2246.0     2410.0     90.0
C56        c          8.0        39.0       21.0       4.0        17.0       50.0       402.0      1085.0     90.0
C57        c          48.0       33.0       39.0       27.0       12.0       50.0       1166.0     1897.0     90.0
C62        c          23.0       49.0       11.0       5.0        6.0        40.0       1859.0     2174.0     90.0
C65        c          16.0       75.0       13.0       3.0        10.0       35.0       2743.0     3069.0     90.0
C89        c          49.0       40.0       13.0       11.0       2.0        40.0       1163.0     1554.0     90.0
C93        c          6.0        39.0       10.0       2.0        8.0        35.0       182.0      1775.0     90.0
C97        c          71.0       58.0       18.0       15.0       3.0        35.0       901.0      2546.0     90.0

L Large vehicle loading capacity /1400.0/
C Electric vehicle loading capacity /175.0/
Q Electric vehicle battery capacity /117.8/
r Fuel consumption rate /1.0/
g Inverse refueling rate /2.3/
v Average velocity /1.0/
