StringID   Type       x          y          demand     DeliveryDemand  PickupDemand  DivisionRate ReadyTime  DueDate    ServiceTime
D0         d          50.0       150.0      0.0        0.0        0.0        0.0        0.0        9999.0     0.0
S1         s          50.0       25.0       0.0        0.0        0.0        0.0        0.0        9999.0     0.0
S6         s          50.0       75.0       0.0        0.0        0.0        0.0        0.0        9999.0     0.0
F_sS1      f          50.0       25.0       0.0        0.0        0.0        0.0        0.0        9999.0     0.0
F_sS6      f          50.0       75.0       0.0        0.0        0.0        0.0        0.0        9999.0     0.0
F20        f          79.0       78.0       0.0        0.0        0.0        0.0        0.0        9999.0     0.0
F9         f          77.0       82.0       0.0        0.0        0.0        0.0        0.0        9999.0     0.0
F2         f          48.0       13.0       0.0        0.0        0.0        0.0        0.0        9999.0     0.0
F18        f          64.0       71.0       0.0        0.0        0.0        0.0        0.0        9999.0     0.0
C22        c          40.0       18.0       32.0       14.0       18.0       50.0       1697.0     2260.0     90.0
C48        c          25.0       54.0       15.0       7.0        8.0        40.0       865.0      1439.0     90.0
C52        c          15.0       60.0       16.0       4.0        12.0       30.0       190.0      2233.0     90.0
C54        c          10.0       41.0       11.0       3.0        8.0        35.0       825.0      2600.0     90.0
C58        c          90.0       30.0       10.0       3.0        7.0        25.0       647.0      1334.0     90.0
C59        c          42.0       16.0       25.0       10.0       15.0       20.0       1097.0     1338.0     90.0
C65        c          93.0       35.0       10.0       4.0        6.0        50.0       2121.0     3301.0     90.0
C73        c          24.0       27.0       22.0       20.0       2.0        40.0       510.0      947.0      90.0
C74        c          17.0       74.0       10.0       2.0        8.0        35.0       986.0      1989.0     90.0
C77        c          25.0       82.0       10.0       3.0        7.0        20.0       418.0      2480.0     90.0
C78        c          8.0        46.0       31.0       5.0        26.0       20.0       990.0      1429.0     90.0
C82        c          89.0       35.0       36.0       14.0       22.0       45.0       1477.0     1635.0     90.0
C84        c          93.0       24.0       10.0       3.0        7.0        45.0       1986.0     2360.0     90.0
C88        c          59.0       87.0       38.0       26.0       12.0       25.0       678.0      1456.0     90.0
C94        c          55.0       68.0       23.0       19.0       4.0        20.0       527.0      1550.0     90.0

L Large vehicle loading capacity /1400.0/
C Electric vehicle loading capacity /175.0/
Q Electric vehicle battery capacity /117.8/
r Fuel consumption rate /1.0/
g Inverse refueling rate /2.3/
v Average velocity /1.0/
