StringID   Type       x          y          demand     DeliveryDemand  PickupDemand  DivisionRate ReadyTime  DueDate    ServiceTime
D0         d          50.0       150.0      0.0        0.0        0.0        0.0        0.0        9999.0     0.0
S1         s          50.0       25.0       0.0        0.0        0.0        0.0        0.0        9999.0     0.0
S6         s          50.0       75.0       0.0        0.0        0.0        0.0        0.0        9999.0     0.0
F_sS1      f          50.0       25.0       0.0        0.0        0.0        0.0        0.0        9999.0     0.0
F_sS6      f          50.0       75.0       0.0        0.0        0.0        0.0        0.0        9999.0     0.0
F0         f          76.0       11.0       0.0        0.0        0.0        0.0        0.0        9999.0     0.0
F14        f          15.0       38.0       0.0        0.0        0.0        0.0        0.0        9999.0     0.0
F9         f          63.0       11.0       0.0        0.0        0.0        0.0        0.0        9999.0     0.0
F12        f          63.0       13.0       0.0        0.0        0.0        0.0        0.0        9999.0     0.0
C1         c          9.0        38.0       27.0       6.0        21.0       35.0       1530.0     2709.0     90.0
C9         c          26.0       54.0       10.0       5.0        5.0        50.0       441.0      2717.0     90.0
C10        c          89.0       47.0       23.0       12.0       11.0       20.0       170.0      1923.0     90.0
C25        c          19.0       67.0       14.0       4.0        10.0       20.0       950.0      2866.0     90.0
C27        c          23.0       84.0       20.0       5.0        15.0       20.0       2144.0     2985.0     90.0
C40        c          33.0       37.0       16.0       14.0       2.0        35.0       2299.0     3064.0     90.0
C55        c          10.0       42.0       30.0       7.0        23.0       20.0       2312.0     3224.0     90.0
C57        c          37.0       63.0       26.0       15.0       11.0       35.0       1244.0     1319.0     90.0
C59        c          46.0       16.0       27.0       9.0        18.0       20.0       1141.0     1788.0     90.0
C67        c          93.0       35.0       19.0       7.0        12.0       45.0       1287.0     1921.0     90.0
C68        c          48.0       32.0       29.0       19.0       10.0       35.0       565.0      1979.0     90.0
C69        c          65.0       59.0       26.0       24.0       2.0        45.0       1394.0     1408.0     90.0
C70        c          49.0       37.0       22.0       17.0       5.0        35.0       346.0      3192.0     90.0
C86        c          12.0       81.0       22.0       3.0        19.0       25.0       1766.0     3166.0     90.0
C94        c          25.0       32.0       22.0       17.0       5.0        30.0       500.0      1120.0     90.0

L Large vehicle loading capacity /1400.0/
C Electric vehicle loading capacity /175.0/
Q Electric vehicle battery capacity /117.8/
r Fuel consumption rate /1.0/
g Inverse refueling rate /2.3/
v Average velocity /1.0/
