StringID   Type       x          y          demand     DeliveryDemand  PickupDemand  DivisionRate ReadyTime  DueDate    ServiceTime
D0         d          50.0       150.0      0.0        0.0        0.0        0.0        0.0        9999.0     0.0
S1         s          50.0       25.0       0.0        0.0        0.0        0.0        0.0        9999.0     0.0
S6         s          50.0       75.0       0.0        0.0        0.0        0.0        0.0        9999.0     0.0
F_sS1      f          50.0       25.0       0.0        0.0        0.0        0.0        0.0        9999.0     0.0
F_sS6      f          50.0       75.0       0.0        0.0        0.0        0.0        0.0        9999.0     0.0
F18        f          24.0       73.0       0.0        0.0        0.0        0.0        0.0        9999.0     0.0
F9         f          60.0       18.0       0.0        0.0        0.0        0.0        0.0        9999.0     0.0
F2         f          12.0       59.0       0.0        0.0        0.0        0.0        0.0        9999.0     0.0
F4         f          47.0       67.0       0.0        0.0        0.0        0.0        0.0        9999.0     0.0
C4         c          9.0        63.0       16.0       2.0        14.0       30.0       1559.0     1942.0     90.0
C6         c          46.0       7.0        10.0       2.0        8.0        35.0       926.0      2420.0     90.0
C9         c          25.0       56.0       22.0       10.0       12.0       40.0       1474.0     3041.0     90.0
C37        c          25.0       37.0       10.0       7.0        3.0        35.0       1285.0     1720.0     90.0
C39        c          46.0       27.0       14.0       8.0        6.0        45.0       718.0      2093.0     90.0
C44        c          6.0        41.0       10.0       1.0        9.0        45.0       1701.0     2610.0     90.0
C46        c          42.0       6.0        12.0       2.0        10.0       35.0       147.0      3369.0     90.0
C47        c          59.0       71.0       10.0       8.0        2.0        20.0       332.0      1111.0     90.0
C55        c          45.0       38.0       20.0       17.0       3.0        25.0       453.0      1324.0     90.0
C64        c          58.0       79.0       16.0       12.0       4.0        30.0       1820.0     1898.0     90.0
C74        c          26.0       32.0       21.0       17.0       4.0        40.0       1234.0     1573.0     90.0
C75        c          31.0       57.0       10.0       5.0        5.0        20.0       2060.0     2978.0     90.0
C88        c          0.0        45.0       17.0       0.0        17.0       40.0       732.0      2204.0     90.0
C90        c          85.0       35.0       14.0       6.0        8.0        50.0       1405.0     2495.0     90.0
C97        c          35.0       61.0       12.0       7.0        5.0        40.0       2091.0     2225.0     90.0

L Large vehicle loading capacity /1400.0/
C Electric vehicle loading capacity /175.0/
Q Electric vehicle battery capacity /117.8/
r Fuel consumption rate /1.0/
g Inverse refueling rate /2.3/
v Average velocity /1.0/
