StringID   Type       x          y          demand     DeliveryDemand  PickupDemand  DivisionRate ReadyTime  DueDate    ServiceTime
D0         d          50.0       150.0      0.0        0.0        0.0        0.0        0.0        9999.0     0.0
S1         s          50.0       25.0       0.0        0.0        0.0        0.0        0.0        9999.0     0.0
S6         s          50.0       75.0       0.0        0.0        0.0        0.0        0.0        9999.0     0.0
F_sS1      f          50.0       25.0       0.0        0.0        0.0        0.0        0.0        9999.0     0.0
F_sS6      f          50.0       75.0       0.0        0.0        0.0        0.0        0.0        9999.0     0.0
F8         f          74.0       36.0       0.0        0.0        0.0        0.0        0.0        9999.0     0.0
F9         f          42.0       75.0       0.0        0.0        0.0        0.0        0.0        9999.0     0.0
F7         f          24.0       15.0       0.0        0.0        0.0        0.0        0.0        9999.0     0.0
F14        f          44.0       46.0       0.0        0.0        0.0        0.0        0.0        9999.0     0.0
C6         c          91.0       31.0       31.0       11.0       20.0       40.0       591.0      2208.0     90.0
C7         c          23.0       33.0       17.0       12.0       5.0        40.0       1319.0     3136.0     90.0
C19        c          50.0       36.0       15.0       11.0       4.0        30.0       952.0      2993.0     90.0
C21        c          60.0       65.0       23.0       21.0       2.0        50.0       1779.0     2685.0     90.0
C32        c          27.0       49.0       19.0       10.0       9.0        45.0       2388.0     2691.0     90.0
C33        c          25.0       31.0       13.0       10.0       3.0        25.0       2982.0     3000.0     90.0
C35        c          67.0       79.0       23.0       20.0       3.0        45.0       2397.0     2553.0     90.0
C39        c          22.0       83.0       13.0       3.0        10.0       35.0       1370.0     1895.0     90.0
C62        c          27.0       53.0       10.0       5.0        5.0        35.0       625.0      2934.0     90.0
C65        c          52.0       33.0       19.0       12.0       7.0        50.0       2694.0     3168.0     90.0
C67        c          69.0       88.0       30.0       24.0       6.0        25.0       918.0      1534.0     90.0
C77        c          67.0       88.0       10.0       8.0        2.0        35.0       273.0      1449.0     90.0
C80        c          39.0       62.0       27.0       17.0       10.0       30.0       655.0      760.0      90.0
C93        c          20.0       90.0       14.0       3.0        11.0       50.0       541.0      2200.0     90.0
C99        c          53.0       30.0       18.0       10.0       8.0        50.0       142.0      1611.0     90.0

L Large vehicle loading capacity /1400.0/
C Electric vehicle loading capacity /175.0/
Q Electric vehicle battery capacity /117.8/
r Fuel consumption rate /1.0/
g Inverse refueling rate /2.3/
v Average velocity /1.0/
