StringID   Type       x          y          demand     DeliveryDemand  PickupDemand  DivisionRate ReadyTime  DueDate    ServiceTime
D0         d          50.0       150.0      0.0        0.0        0.0        0.0        0.0        9999.0     0.0
S1         s          50.0       25.0       0.0        0.0        0.0        0.0        0.0        9999.0     0.0
S6         s          50.0       75.0       0.0        0.0        0.0        0.0        0.0        9999.0     0.0
F_sS1      f          50.0       25.0       0.0        0.0        0.0        0.0        0.0        9999.0     0.0
F_sS6      f          50.0       75.0       0.0        0.0        0.0        0.0        0.0        9999.0     0.0
F20        f          4.0        40.0       0.0        0.0        0.0        0.0        0.0        9999.0     0.0
F5         f          63.0       63.0       0.0        0.0        0.0        0.0        0.0        9999.0     0.0
F18        f          38.0       76.0       0.0        0.0        0.0        0.0        0.0        9999.0     0.0
F10        f          0.0        55.0       0.0        0.0        0.0        0.0        0.0        9999.0     0.0
C3         c          60.0       79.0       27.0       21.0       6.0        20.0       2081.0     3383.0     90.0
C16        c          87.0       44.0       36.0       18.0       18.0       30.0       1117.0     2829.0     90.0
C17        c          34.0       65.0       15.0       8.0        7.0        35.0       1763.0     2135.0     90.0
C25        c          33.0       65.0       15.0       8.0        7.0        45.0       101.0      1800.0     90.0
C30        c          23.0       79.0       10.0       3.0        7.0        25.0       579.0      1943.0     90.0
C38        c          58.0       81.0       20.0       14.0       6.0        50.0       2971.0     3042.0     90.0
C50        c          40.0       70.0       10.0       6.0        4.0        35.0       1781.0     1906.0     90.0
C61        c          97.0       28.0       39.0       11.0       28.0       30.0       2101.0     3114.0     90.0
C63        c          31.0       36.0       23.0       20.0       3.0        45.0       2478.0     2844.0     90.0
C66        c          33.0       33.0       20.0       20.0       0.0        25.0       211.0      524.0      90.0
C67        c          50.0       34.0       10.0       7.0        3.0        35.0       2619.0     2886.0     90.0
C77        c          55.0       59.0       22.0       21.0       1.0        20.0       1776.0     1865.0     90.0
C81        c          15.0       78.0       10.0       2.0        8.0        30.0       2854.0     3177.0     90.0
C92        c          40.0       39.0       17.0       17.0       0.0        40.0       306.0      2051.0     90.0
C93        c          11.0       37.0       10.0       3.0        7.0        45.0       771.0      3204.0     90.0

L Large vehicle loading capacity /1400.0/
C Electric vehicle loading capacity /175.0/
Q Electric vehicle battery capacity /117.8/
r Fuel consumption rate /1.0/
g Inverse refueling rate /2.3/
v Average velocity /1.0/
