StringID   Type       x          y          demand     DeliveryDemand  PickupDemand  DivisionRate ReadyTime  DueDate    ServiceTime
D0         d          50.0       150.0      0.0        0.0        0.0        0.0        0.0        9999.0     0.0
S1         s          50.0       25.0       0.0        0.0        0.0        0.0        0.0        9999.0     0.0
S6         s          50.0       75.0       0.0        0.0        0.0        0.0        0.0        9999.0     0.0
F_sS1      f          50.0       25.0       0.0        0.0        0.0        0.0        0.0        9999.0     0.0
F_sS6      f          50.0       75.0       0.0        0.0        0.0        0.0        0.0        9999.0     0.0
F19        f          71.0       47.0       0.0        0.0        0.0        0.0        0.0        9999.0     0.0
F5         f          0.0        52.0       0.0        0.0        0.0        0.0        0.0        9999.0     0.0
F16        f          79.0       34.0       0.0        0.0        0.0        0.0        0.0        9999.0     0.0
F8         f          53.0       51.0       0.0        0.0        0.0        0.0        0.0        9999.0     0.0
C14        c          90.0       31.0       23.0       8.0        15.0       20.0       369.0      390.0      90.0
C17        c          68.0       60.0       10.0       9.0        1.0        25.0       2715.0     2738.0     90.0
C26        c          46.0       6.0        22.0       3.0        19.0       25.0       614.0      1892.0     90.0
C35        c          30.0       56.0       10.0       5.0        5.0        45.0       1293.0     2804.0     90.0
C40        c          32.0       48.0       27.0       18.0       9.0        50.0       2015.0     2641.0     90.0
C45        c          65.0       80.0       30.0       24.0       6.0        35.0       334.0      2013.0     90.0
C46        c          20.0       81.0       23.0       6.0        17.0       20.0       1105.0     1284.0     90.0
C48        c          90.0       22.0       13.0       3.0        10.0       35.0       2736.0     2898.0     90.0
C53        c          40.0       12.0       37.0       11.0       26.0       50.0       1563.0     2806.0     90.0
C54        c          38.0       15.0       25.0       10.0       15.0       35.0       715.0      2487.0     90.0
C59        c          86.0       22.0       26.0       7.0        19.0       30.0       1844.0     1997.0     90.0
C79        c          33.0       53.0       25.0       16.0       9.0        45.0       1643.0     1923.0     90.0
C92        c          26.0       53.0       10.0       5.0        5.0        50.0       1725.0     2132.0     90.0
C93        c          37.0       4.0        13.0       1.0        12.0       50.0       1166.0     2647.0     90.0
C94        c          47.0       28.0       12.0       7.0        5.0        20.0       876.0      2136.0     90.0

L Large vehicle loading capacity /1400.0/
C Electric vehicle loading capacity /175.0/
Q Electric vehicle battery capacity /117.8/
r Fuel consumption rate /1.0/
g Inverse refueling rate /2.3/
v Average velocity /1.0/
