StringID   Type       x          y          demand     DeliveryDemand  PickupDemand  DivisionRate ReadyTime  DueDate    ServiceTime
D0         d          50.0       150.0      0.0        0.0        0.0        0.0        0.0        9999.0     0.0
S1         s          50.0       25.0       0.0        0.0        0.0        0.0        0.0        9999.0     0.0
S6         s          50.0       75.0       0.0        0.0        0.0        0.0        0.0        9999.0     0.0
F_sS1      f          50.0       25.0       0.0        0.0        0.0        0.0        0.0        9999.0     0.0
F_sS6      f          50.0       75.0       0.0        0.0        0.0        0.0        0.0        9999.0     0.0
F0         f          30.0       27.0       0.0        0.0        0.0        0.0        0.0        9999.0     0.0
F16        f          53.0       58.0       0.0        0.0        0.0        0.0        0.0        9999.0     0.0
F7         f          33.0       47.0       0.0        0.0        0.0        0.0        0.0        9999.0     0.0
F8         f          0.0        96.0       0.0        0.0        0.0        0.0        0.0        9999.0     0.0
C0         c          39.0       18.0       17.0       8.0        9.0        20.0       962.0      2279.0     90.0
C17        c          67.0       61.0       10.0       9.0        1.0        40.0       1098.0     2110.0     90.0
C19        c          0.0        43.0       23.0       0.0        23.0       20.0       114.0      429.0      90.0
C24        c          69.0       51.0       18.0       13.0       5.0        30.0       2361.0     2939.0     90.0
C25        c          60.0       74.0       17.0       14.0       3.0        45.0       1941.0     2169.0     90.0
C29        c          31.0       26.0       10.0       8.0        2.0        30.0       385.0      3075.0     90.0
C39        c          0.0        46.0       25.0       0.0        25.0       40.0       2145.0     3189.0     90.0
C43        c          22.0       51.0       33.0       14.0       19.0       30.0       847.0      1655.0     90.0
C57        c          43.0       13.0       19.0       6.0        13.0       20.0       915.0      2976.0     90.0
C66        c          18.0       64.0       11.0       3.0        8.0        35.0       500.0      921.0      90.0
C75        c          21.0       52.0       30.0       12.0       18.0       50.0       1186.0     1401.0     90.0
C83        c          70.0       54.0       40.0       31.0       9.0        45.0       2095.0     3094.0     90.0
C94        c          38.0       65.0       15.0       9.0        6.0        50.0       1505.0     2063.0     90.0
C95        c          11.0       81.0       15.0       2.0        13.0       40.0       2448.0     2878.0     90.0
C97        c          8.0        39.0       13.0       3.0        10.0       35.0       1866.0     3012.0     90.0

L Large vehicle loading capacity /1400.0/
C Electric vehicle loading capacity /175.0/
Q Electric vehicle battery capacity /117.8/
r Fuel consumption rate /1.0/
g Inverse refueling rate /2.3/
v Average velocity /1.0/
