StringID   Type       x          y          demand     DeliveryDemand  PickupDemand  DivisionRate ReadyTime  DueDate    ServiceTime
D0         d          50.0       150.0      0.0        0.0        0.0        0.0        0.0        9999.0     0.0
S1         s          50.0       25.0       0.0        0.0        0.0        0.0        0.0        9999.0     0.0
S6         s          50.0       75.0       0.0        0.0        0.0        0.0        0.0        9999.0     0.0
F_sS1      f          50.0       25.0       0.0        0.0        0.0        0.0        0.0        9999.0     0.0
F_sS6      f          50.0       75.0       0.0        0.0        0.0        0.0        0.0        9999.0     0.0
F7         f          37.0       62.0       0.0        0.0        0.0        0.0        0.0        9999.0     0.0
F15        f          39.0       70.0       0.0        0.0        0.0        0.0        0.0        9999.0     0.0
F6         f          41.0       85.0       0.0        0.0        0.0        0.0        0.0        9999.0     0.0
F3         f          65.0       36.0       0.0        0.0        0.0        0.0        0.0        9999.0     0.0
C13        c          60.0       77.0       29.0       23.0       6.0        45.0       262.0      3188.0     90.0
C16        c          68.0       57.0       20.0       17.0       3.0        25.0       1066.0     2999.0     90.0
C26        c          18.0       67.0       23.0       6.0        17.0       35.0       1837.0     3047.0     90.0
C30        c          35.0       62.0       23.0       13.0       10.0       30.0       329.0      2346.0     90.0
C32        c          21.0       75.0       32.0       9.0        23.0       40.0       680.0      1439.0     90.0
C35        c          71.0       74.0       21.0       20.0       1.0        30.0       1306.0     1712.0     90.0
C44        c          27.0       50.0       12.0       6.0        6.0        35.0       1294.0     2034.0     90.0
C47        c          26.0       50.0       20.0       10.0       10.0       30.0       195.0      359.0      90.0
C58        c          71.0       59.0       10.0       8.0        2.0        40.0       637.0      1358.0     90.0
C63        c          19.0       67.0       13.0       4.0        9.0        30.0       787.0      2991.0     90.0
C65        c          50.0       29.0       26.0       15.0       11.0       40.0       104.0      1299.0     90.0
C70        c          54.0       78.0       20.0       14.0       6.0        50.0       882.0      3089.0     90.0
C71        c          33.0       64.0       23.0       12.0       11.0       30.0       1306.0     1957.0     90.0
C78        c          82.0       36.0       10.0       4.0        6.0        50.0       895.0      2640.0     90.0
C87        c          41.0       8.0        23.0       4.0        19.0       35.0       356.0      982.0      90.0

L Large vehicle loading capacity /1400.0/
C Electric vehicle loading capacity /175.0/
Q Electric vehicle battery capacity /117.8/
r Fuel consumption rate /1.0/
g Inverse refueling rate /2.3/
v Average velocity /1.0/
