StringID   Type       x          y          demand     DeliveryDemand  PickupDemand  DivisionRate ReadyTime  DueDate    ServiceTime
D0         d          50.0       150.0      0.0        0.0        0.0        0.0        0.0        9999.0     0.0
S1         s          50.0       25.0       0.0        0.0        0.0        0.0        0.0        9999.0     0.0
S6         s          50.0       75.0       0.0        0.0        0.0        0.0        0.0        9999.0     0.0
F_sS1      f          50.0       25.0       0.0        0.0        0.0        0.0        0.0        9999.0     0.0
F_sS6      f          50.0       75.0       0.0        0.0        0.0        0.0        0.0        9999.0     0.0
F3         f          48.0       34.0       0.0        0.0        0.0        0.0        0.0        9999.0     0.0
F9         f          36.0       67.0       0.0        0.0        0.0        0.0        0.0        9999.0     0.0
F15        f          47.0       32.0       0.0        0.0        0.0        0.0        0.0        9999.0     0.0
F7         f          45.0       45.0       0.0        0.0        0.0        0.0        0.0        9999.0     0.0
C0         c          40.0       6.0        33.0       5.0        28.0       35.0       569.0      1528.0     90.0
C1         c          36.0       34.0       16.0       15.0       1.0        45.0       2793.0     3088.0     90.0
C9         c          39.0       34.0       18.0       16.0       2.0        20.0       2248.0     2998.0     90.0
C35        c          30.0       52.0       20.0       12.0       8.0        45.0       1494.0     2257.0     90.0
C39        c          17.0       79.0       16.0       3.0        13.0       40.0       1505.0     2596.0     90.0
C48        c          25.0       53.0       24.0       11.0       13.0       35.0       180.0      2004.0     90.0
C50        c          35.0       32.0       11.0       10.0       1.0        45.0       487.0      1601.0     90.0
C51        c          18.0       47.0       27.0       10.0       17.0       40.0       1268.0     1827.0     90.0
C54        c          33.0       31.0       10.0       9.0        1.0        35.0       1459.0     2107.0     90.0
C56        c          9.0        38.0       19.0       4.0        15.0       40.0       1638.0     1778.0     90.0
C66        c          68.0       55.0       23.0       19.0       4.0        40.0       655.0      2438.0     90.0
C67        c          59.0       41.0       17.0       12.0       5.0        35.0       880.0      2425.0     90.0
C81        c          38.0       39.0       19.0       19.0       0.0        20.0       2109.0     2158.0     90.0
C93        c          11.0       46.0       10.0       2.0        8.0        50.0       2972.0     3045.0     90.0
C97        c          5.0        36.0       27.0       4.0        23.0       40.0       1168.0     2880.0     90.0

L Large vehicle loading capacity /1400.0/
C Electric vehicle loading capacity /175.0/
Q Electric vehicle battery capacity /117.8/
r Fuel consumption rate /1.0/
g Inverse refueling rate /2.3/
v Average velocity /1.0/
