StringID   Type       x          y          demand     DeliveryDemand  PickupDemand  DivisionRate ReadyTime  DueDate    ServiceTime
D0         d          50.0       150.0      0.0        0.0        0.0        0.0        0.0        9999.0     0.0
S1         s          50.0       25.0       0.0        0.0        0.0        0.0        0.0        9999.0     0.0
S6         s          50.0       75.0       0.0        0.0        0.0        0.0        0.0        9999.0     0.0
F_sS1      f          50.0       25.0       0.0        0.0        0.0        0.0        0.0        9999.0     0.0
F_sS6      f          50.0       75.0       0.0        0.0        0.0        0.0        0.0        9999.0     0.0
F3         f          25.0       57.0       0.0        0.0        0.0        0.0        0.0        9999.0     0.0
F11        f          59.0       75.0       0.0        0.0        0.0        0.0        0.0        9999.0     0.0
F18        f          44.0       43.0       0.0        0.0        0.0        0.0        0.0        9999.0     0.0
F5         f          52.0       60.0       0.0        0.0        0.0        0.0        0.0        9999.0     0.0
C6         c          66.0       56.0       11.0       9.0        2.0        50.0       1505.0     2011.0     90.0
C24        c          6.0        45.0       17.0       2.0        15.0       35.0       540.0      638.0      90.0
C25        c          39.0       22.0       26.0       15.0       11.0       25.0       1684.0     2474.0     90.0
C27        c          82.0       28.0       26.0       9.0        17.0       30.0       763.0      2787.0     90.0
C30        c          58.0       58.0       18.0       18.0       0.0        35.0       587.0      2515.0     90.0
C36        c          61.0       74.0       15.0       12.0       3.0        35.0       1489.0     2835.0     90.0
C50        c          53.0       42.0       19.0       15.0       4.0        25.0       972.0      2769.0     90.0
C60        c          36.0       19.0       10.0       5.0        5.0        35.0       2668.0     3170.0     90.0
C63        c          31.0       55.0       14.0       8.0        6.0        35.0       1785.0     2549.0     90.0
C65        c          39.0       0.0        32.0       0.0        32.0       40.0       2113.0     2625.0     90.0
C71        c          5.0        41.0       18.0       2.0        16.0       30.0       1423.0     1681.0     90.0
C74        c          35.0       66.0       12.0       6.0        6.0        30.0       315.0      1660.0     90.0
C81        c          88.0       35.0       24.0       10.0       14.0       40.0       1979.0     3113.0     90.0
C84        c          57.0       39.0       18.0       12.0       6.0        50.0       2038.0     3199.0     90.0
C93        c          39.0       63.0       10.0       6.0        4.0        45.0       603.0      2077.0     90.0

L Large vehicle loading capacity /1400.0/
C Electric vehicle loading capacity /175.0/
Q Electric vehicle battery capacity /117.8/
r Fuel consumption rate /1.0/
g Inverse refueling rate /2.3/
v Average velocity /1.0/
