StringID   Type       x          y          demand     DeliveryDemand  PickupDemand  DivisionRate ReadyTime  DueDate    ServiceTime
D0         d          50.0       150.0      0.0        0.0        0.0        0.0        0.0        9999.0     0.0
S1         s          50.0       25.0       0.0        0.0        0.0        0.0        0.0        9999.0     0.0
S6         s          50.0       75.0       0.0        0.0        0.0        0.0        0.0        9999.0     0.0
F_sS1      f          50.0       25.0       0.0        0.0        0.0        0.0        0.0        9999.0     0.0
F_sS6      f          50.0       75.0       0.0        0.0        0.0        0.0        0.0        9999.0     0.0
F12        f          16.0       32.0       0.0        0.0        0.0        0.0        0.0        9999.0     0.0
F8         f          70.0       24.0       0.0        0.0        0.0        0.0        0.0        9999.0     0.0
F5         f          45.0       40.0       0.0        0.0        0.0        0.0        0.0        9999.0     0.0
F10        f          41.0       65.0       0.0        0.0        0.0        0.0        0.0        9999.0     0.0
C11        c          54.0       30.0       19.0       11.0       8.0        35.0       526.0      1771.0     90.0
C16        c          37.0       19.0       10.0       5.0        5.0        45.0       1563.0     2332.0     90.0
C20        c          67.0       76.0       19.0       17.0       2.0        20.0       707.0      1627.0     90.0
C29        c          56.0       43.0       40.0       31.0       9.0        40.0       235.0      633.0      90.0
C34        c          38.0       2.0        18.0       1.0        17.0       40.0       1155.0     1275.0     90.0
C39        c          47.0       33.0       13.0       9.0        4.0        25.0       1017.0     2552.0     90.0
C49        c          60.0       82.0       33.0       24.0       9.0        30.0       2663.0     3126.0     90.0
C59        c          88.0       32.0       35.0       13.0       22.0       30.0       1504.0     2922.0     90.0
C60        c          34.0       72.0       10.0       5.0        5.0        45.0       1933.0     2626.0     90.0
C68        c          57.0       71.0       21.0       17.0       4.0        35.0       1197.0     2506.0     90.0
C79        c          35.0       17.0       30.0       15.0       15.0       45.0       353.0      3139.0     90.0
C80        c          28.0       52.0       14.0       8.0        6.0        35.0       1158.0     2603.0     90.0
C89        c          53.0       90.0       10.0       6.0        4.0        45.0       1123.0     2316.0     90.0
C90        c          22.0       52.0       19.0       8.0        11.0       40.0       1043.0     1326.0     90.0
C99        c          15.0       39.0       18.0       7.0        11.0       35.0       689.0      1552.0     90.0

L Large vehicle loading capacity /1400.0/
C Electric vehicle loading capacity /175.0/
Q Electric vehicle battery capacity /117.8/
r Fuel consumption rate /1.0/
g Inverse refueling rate /2.3/
v Average velocity /1.0/
