StringID   Type       x          y          demand     DeliveryDemand  PickupDemand  DivisionRate ReadyTime  DueDate    ServiceTime
D0         d          50.0       150.0      0.0        0.0             0.0           0            0.0        9999.0     0.0         
S0         s          50.0       75.0       0.0        0.0             0.0           0            0.0        9999.0     0.0         
S1         s          50.0       25.0       0.0        0.0             0.0           0            0.0        9999.0     0.0         
F0         f          50.0       75.0       0.0        0.0             0.0           0            0.0        9999.0     0.0         
F1         f          50.0       25.0       0.0        0.0             0.0           0            0.0        9999.0     0.0         
F2         f          28.0       62.0       0.0        0.0             0.0           0            0.0        9999.0     0.0         
F3         f          20.0       61.0       0.0        0.0             0.0           0            0.0        9999.0     0.0         
F4         f          15.0       42.0       0.0        0.0             0.0           0            0.0        9999.0     0.0         
F5         f          11.0       18.0       0.0        0.0             0.0           0            0.0        9999.0     0.0         
F6         f          0.0        25.0       0.0        0.0             0.0           0            0.0        9999.0     0.0         
F7         f          25.0       4.0        0.0        0.0             0.0           0            0.0        9999.0     0.0         
F8         f          35.0       35.0       0.0        0.0             0.0           0            0.0        9999.0     0.0         
F9         f          64.0       37.0       0.0        0.0             0.0           0            0.0        9999.0     0.0         
C0         c          5.0        5.0        16.0       16.0            0.0           35           229.0      239.0      10.0        
C1         c          20.0       65.0       12.0       4.0             8.0           35           171.0      181.0      10.0        
C2         c          6.0        38.0       16.0       3.0             13.0          45           241.0      251.0      10.0        
C3         c          35.0       17.0       7.0        3.0             4.0           50           116.0      318.0      10.0        
C4         c          20.0       50.0       5.0        2.0             3.0           35           204.0      214.0      10.0        
C5         c          21.0       24.0       28.0       25.0            3.0           30           217.0      227.0      10.0        
C6         c          49.0       11.0       18.0       4.0             14.0          45           116.0      308.0      10.0        
C7         c          13.0       52.0       36.0       9.0             27.0          25           263.0      273.0      10.0        
C8         c          5.0        30.0       2.0        0.0             2.0           40           203.0      213.0      10.0        
C9         c          41.0       49.0       10.0       8.0             2.0           45           152.0      162.0      10.0        
C10        c          37.0       56.0       5.0        3.0             2.0           25           165.0      175.0      10.0        
C11        c          15.0       19.0       1.0        1.0             0.0           50           203.0      213.0      10.0        
C12        c          27.0       43.0       9.0        6.0             3.0           40           227.0      237.0      10.0        
C13        c          25.0       24.0       20.0       19.0            1.0           30           256.0      266.0      10.0        
C14        c          56.0       37.0       6.0        4.0             2.0           40           224.0      234.0      10.0        

L Large vehicle loading capacity /800.0/
C Electric vehicle loading capacity /100.0/
Q Electric vehicle battery capacity /85.63/
r Fuel consumption rate /1.0/
g Inverse refueling rate /0.49/
v Average velocity /1.0/
