StringID   Type       x          y          demand     DeliveryDemand  PickupDemand  DivisionRate ReadyTime  DueDate    ServiceTime
D0         d          50.0       150.0      0.0        0.0             0.0           0            0.0        9999.0     0.0         
S0         s          50.0       75.0       0.0        0.0             0.0           0            0.0        9999.0     0.0         
S1         s          50.0       25.0       0.0        0.0             0.0           0            0.0        9999.0     0.0         
F0         f          50.0       75.0       0.0        0.0             0.0           0            0.0        9999.0     0.0         
F1         f          50.0       25.0       0.0        0.0             0.0           0            0.0        9999.0     0.0         
F2         f          48.0       60.0       0.0        0.0             0.0           0            0.0        9999.0     0.0         
F3         f          21.0       22.0       0.0        0.0             0.0           0            0.0        9999.0     0.0         
F4         f          51.0       7.0        0.0        0.0             0.0           0            0.0        9999.0     0.0         
F5         f          64.0       19.0       0.0        0.0             0.0           0            0.0        9999.0     0.0         
F6         f          35.0       35.0       0.0        0.0             0.0           0            0.0        9999.0     0.0         
F7         f          64.0       37.0       0.0        0.0             0.0           0            0.0        9999.0     0.0         
C0         c          55.0       5.0        29.0       3.0             26.0          45           203.0      233.0      10.0        
C1         c          32.0       12.0       7.0        3.0             4.0           40           282.0      312.0      10.0        
C2         c          47.0       47.0       13.0       13.0            0.0           30           224.0      254.0      10.0        
C3         c          37.0       47.0       6.0        5.0             1.0           40           257.0      287.0      10.0        
C4         c          16.0       22.0       41.0       30.0            11.0          40           199.0      229.0      10.0        
C5         c          65.0       20.0       6.0        2.0             4.0           50           272.0      302.0      10.0        
C6         c          53.0       12.0       6.0        1.0             5.0           25           164.0      194.0      10.0        
C7         c          15.0       30.0       26.0       13.0            13.0          20           269.0      299.0      10.0        
C8         c          37.0       56.0       5.0        3.0             2.0           40           155.0      185.0      10.0        
C9         c          41.0       37.0       16.0       14.0            2.0           40           299.0      329.0      10.0        
C10        c          64.0       42.0       9.0        6.0             3.0           30           223.0      253.0      10.0        
C11        c          10.0       43.0       9.0        2.0             7.0           30           143.0      173.0      10.0        
C12        c          55.0       60.0       16.0       15.0            1.0           50           188.0      218.0      10.0        
C13        c          25.0       24.0       20.0       19.0            1.0           50           246.0      276.0      10.0        
C14        c          5.0        30.0       2.0        0.0             2.0           45           193.0      223.0      10.0        

L Large vehicle loading capacity /800.0/
C Electric vehicle loading capacity /100.0/
Q Electric vehicle battery capacity /85.63/
r Fuel consumption rate /1.0/
g Inverse refueling rate /0.49/
v Average velocity /1.0/
