StringID   Type       x          y          demand     DeliveryDemand  PickupDemand  DivisionRate ReadyTime  DueDate    ServiceTime
D0         d          50.0       150.0      0.0        0.0        0.0        0.0        0.0        9999.0     0.0
S1         s          50.0       25.0       0.0        0.0        0.0        0.0        0.0        9999.0     0.0
S6         s          50.0       75.0       0.0        0.0        0.0        0.0        0.0        9999.0     0.0
F_sS1      f          50.0       25.0       0.0        0.0        0.0        0.0        0.0        9999.0     0.0
F_sS6      f          50.0       75.0       0.0        0.0        0.0        0.0        0.0        9999.0     0.0
F5         f          18.0       16.0       0.0        0.0        0.0        0.0        0.0        9999.0     0.0
F2         f          31.0       14.0       0.0        0.0        0.0        0.0        0.0        9999.0     0.0
F10        f          0.0        45.0       0.0        0.0        0.0        0.0        0.0        9999.0     0.0
F20        f          73.0       62.0       0.0        0.0        0.0        0.0        0.0        9999.0     0.0
C9         c          34.0       32.0       19.0       18.0       1.0        50.0       253.0      295.0      10.0
C13        c          42.0       45.0       11.0       10.0       1.0        25.0       176.0      284.0      10.0
C29        c          67.0       13.0       9.0        2.0        7.0        25.0       273.0      303.0      10.0
C37        c          4.0        44.0       9.0        1.0        8.0        35.0       256.0      274.0      10.0
C46        c          29.0       30.0       21.0       20.0       1.0        25.0       225.0      319.0      10.0
C48        c          32.0       40.0       1.0        1.0        0.0        30.0       172.0      194.0      10.0
C49        c          32.0       59.0       28.0       15.0       13.0       30.0       153.0      183.0      10.0
C53        c          53.0       37.0       19.0       13.0       6.0        45.0       169.0      220.0      10.0
C54        c          56.0       27.0       10.0       5.0        5.0        50.0       152.0      167.0      10.0
C64        c          35.0       54.0       19.0       12.0       7.0        25.0       177.0      214.0      10.0
C67        c          9.0        51.0       8.0        1.0        7.0        20.0       157.0      292.0      10.0
C71        c          45.0       64.0       14.0       10.0       4.0        45.0       148.0      306.0      10.0
C72        c          47.0       57.0       11.0       9.0        2.0        30.0       226.0      297.0      10.0
C83        c          33.0       19.0       18.0       10.0       8.0        50.0       282.0      302.0      10.0
C88        c          18.0       35.0       10.0       5.0        5.0        25.0       165.0      194.0      10.0

L Large vehicle loading capacity /800.0/
C Electric vehicle loading capacity /100.0/
Q Electric vehicle battery capacity /65.5/
r Fuel consumption rate /1.0/
g Inverse refueling rate /0.5/
v Average velocity /1.0/
