StringID   Type       x          y          demand     DeliveryDemand  PickupDemand  DivisionRate ReadyTime  DueDate    ServiceTime
D0         d          50.0       150.0      0.0        0.0        0.0        0.0        0.0        9999.0     0.0
S1         s          50.0       25.0       0.0        0.0        0.0        0.0        0.0        9999.0     0.0
S6         s          50.0       75.0       0.0        0.0        0.0        0.0        0.0        9999.0     0.0
F_sS1      f          50.0       25.0       0.0        0.0        0.0        0.0        0.0        9999.0     0.0
F_sS6      f          50.0       75.0       0.0        0.0        0.0        0.0        0.0        9999.0     0.0
F0         f          72.0       32.0       0.0        0.0        0.0        0.0        0.0        9999.0     0.0
F10        f          25.0       35.0       0.0        0.0        0.0        0.0        0.0        9999.0     0.0
F9         f          44.0       65.0       0.0        0.0        0.0        0.0        0.0        9999.0     0.0
F18        f          17.0       58.0       0.0        0.0        0.0        0.0        0.0        9999.0     0.0
C9         c          24.0       72.0       27.0       9.0        18.0       50.0       236.0      276.0      10.0
C21        c          7.0        27.0       31.0       8.0        23.0       45.0       289.0      299.0      10.0
C27        c          67.0       11.0       9.0        1.0        8.0        40.0       181.0      259.0      10.0
C30        c          24.0       3.0        12.0       2.0        10.0       30.0       264.0      307.0      10.0
C35        c          22.0       47.0       14.0       7.0        7.0        35.0       152.0      233.0      10.0
C37        c          41.0       3.0        3.0        0.0        3.0        50.0       200.0      258.0      10.0
C46        c          42.0       55.0       22.0       17.0       5.0        30.0       197.0      216.0      10.0
C48        c          2.0        64.0       17.0       1.0        16.0       30.0       251.0      305.0      10.0
C56        c          61.0       3.0        14.0       1.0        13.0       30.0       200.0      246.0      10.0
C65        c          21.0       33.0       9.0        6.0        3.0        40.0       196.0      222.0      10.0
C75        c          12.0       46.0       7.0        2.0        5.0        35.0       230.0      232.0      10.0
C84        c          21.0       65.0       24.0       8.0        16.0       25.0       208.0      307.0      10.0
C88        c          19.0       43.0       4.0        2.0        2.0        25.0       224.0      255.0      10.0
C89        c          33.0       3.0        13.0       1.0        12.0       35.0       133.0      293.0      10.0
C99        c          2.0        36.0       25.0       1.0        24.0       30.0       162.0      249.0      10.0

L Large vehicle loading capacity /800.0/
C Electric vehicle loading capacity /100.0/
Q Electric vehicle battery capacity /65.5/
r Fuel consumption rate /1.0/
g Inverse refueling rate /0.5/
v Average velocity /1.0/
