StringID   Type       x          y          demand     DeliveryDemand  PickupDemand  DivisionRate ReadyTime  DueDate    ServiceTime
D0         d          50.0       150.0      0.0        0.0        0.0        0.0        0.0        9999.0     0.0
S1         s          50.0       25.0       0.0        0.0        0.0        0.0        0.0        9999.0     0.0
S6         s          50.0       75.0       0.0        0.0        0.0        0.0        0.0        9999.0     0.0
F_sS1      f          50.0       25.0       0.0        0.0        0.0        0.0        0.0        9999.0     0.0
F_sS6      f          50.0       75.0       0.0        0.0        0.0        0.0        0.0        9999.0     0.0
F19        f          66.0       41.0       0.0        0.0        0.0        0.0        0.0        9999.0     0.0
F11        f          35.0       23.0       0.0        0.0        0.0        0.0        0.0        9999.0     0.0
F18        f          21.0       48.0       0.0        0.0        0.0        0.0        0.0        9999.0     0.0
F6         f          43.0       39.0       0.0        0.0        0.0        0.0        0.0        9999.0     0.0
C0         c          17.0       57.0       20.0       6.0        14.0       35.0       255.0      303.0      10.0
C5         c          43.0       3.0        20.0       1.0        19.0       35.0       235.0      322.0      10.0
C6         c          2.0        24.0       8.0        1.0        7.0        30.0       193.0      201.0      10.0
C16        c          58.0       61.0       4.0        4.0        0.0        30.0       249.0      278.0      10.0
C18        c          53.0       12.0       17.0       4.0        13.0       35.0       130.0      258.0      10.0
C23        c          17.0       42.0       23.0       9.0        14.0       40.0       187.0      266.0      10.0
C29        c          23.0       43.0       15.0       8.0        7.0        40.0       242.0      268.0      10.0
C41        c          18.0       25.0       9.0        6.0        3.0        40.0       155.0      269.0      10.0
C48        c          47.0       58.0       19.0       15.0       4.0        40.0       262.0      281.0      10.0
C51        c          44.0       45.0       9.0        9.0        0.0        30.0       123.0      323.0      10.0
C63        c          41.0       76.0       18.0       10.0       8.0        50.0       132.0      311.0      10.0
C84        c          31.0       40.0       8.0        6.0        2.0        30.0       169.0      216.0      10.0
C93        c          16.0       28.0       12.0       7.0        5.0        20.0       277.0      309.0      10.0
C94        c          32.0       51.0       1.0        1.0        0.0        20.0       168.0      318.0      10.0
C98        c          26.0       55.0       1.0        0.0        1.0        25.0       210.0      259.0      10.0

L Large vehicle loading capacity /800.0/
C Electric vehicle loading capacity /100.0/
Q Electric vehicle battery capacity /65.5/
r Fuel consumption rate /1.0/
g Inverse refueling rate /0.5/
v Average velocity /1.0/
