StringID   Type       x          y          demand     DeliveryDemand  PickupDemand  DivisionRate ReadyTime  DueDate    ServiceTime
D0         d          50.0       150.0      0.0        0.0        0.0        0.0        0.0        9999.0     0.0
S1         s          50.0       25.0       0.0        0.0        0.0        0.0        0.0        9999.0     0.0
S6         s          50.0       75.0       0.0        0.0        0.0        0.0        0.0        9999.0     0.0
F_sS1      f          50.0       25.0       0.0        0.0        0.0        0.0        0.0        9999.0     0.0
F_sS6      f          50.0       75.0       0.0        0.0        0.0        0.0        0.0        9999.0     0.0
F15        f          13.0       48.0       0.0        0.0        0.0        0.0        0.0        9999.0     0.0
F11        f          64.0       18.0       0.0        0.0        0.0        0.0        0.0        9999.0     0.0
F13        f          59.0       5.0        0.0        0.0        0.0        0.0        0.0        9999.0     0.0
F4         f          45.0       34.0       0.0        0.0        0.0        0.0        0.0        9999.0     0.0
C6         c          34.0       34.0       12.0       12.0       0.0        30.0       158.0      205.0      10.0
C15        c          42.0       38.0       5.0        5.0        0.0        35.0       187.0      258.0      10.0
C16        c          23.0       7.0        27.0       8.0        19.0       35.0       295.0      303.0      10.0
C17        c          33.0       26.0       12.0       9.0        3.0        30.0       183.0      284.0      10.0
C18        c          24.0       41.0       14.0       8.0        6.0        50.0       197.0      269.0      10.0
C19        c          26.0       34.0       6.0        5.0        1.0        30.0       266.0      306.0      10.0
C27        c          11.0       53.0       5.0        1.0        4.0        25.0       221.0      281.0      10.0
C32        c          20.0       39.0       18.0       9.0        9.0        50.0       200.0      266.0      10.0
C34        c          45.0       32.0       17.0       12.0       5.0        45.0       210.0      270.0      10.0
C42        c          61.0       50.0       16.0       13.0       3.0        40.0       140.0      185.0      10.0
C43        c          60.0       32.0       14.0       7.0        7.0        30.0       194.0      205.0      10.0
C47        c          67.0       8.0        13.0       2.0        11.0       45.0       246.0      263.0      10.0
C67        c          47.0       26.0       16.0       9.0        7.0        20.0       275.0      321.0      10.0
C82        c          57.0       29.0       21.0       11.0       10.0       40.0       255.0      300.0      10.0
C84        c          34.0       39.0       1.0        1.0        0.0        25.0       154.0      286.0      10.0

L Large vehicle loading capacity /800.0/
C Electric vehicle loading capacity /100.0/
Q Electric vehicle battery capacity /65.5/
r Fuel consumption rate /1.0/
g Inverse refueling rate /0.5/
v Average velocity /1.0/
