StringID   Type       x          y          demand     DeliveryDemand  PickupDemand  DivisionRate ReadyTime  DueDate    ServiceTime
D0         d          50.0       150.0      0.0        0.0        0.0        0.0        0.0        9999.0     0.0
S1         s          50.0       25.0       0.0        0.0        0.0        0.0        0.0        9999.0     0.0
S6         s          50.0       75.0       0.0        0.0        0.0        0.0        0.0        9999.0     0.0
F_sS1      f          50.0       25.0       0.0        0.0        0.0        0.0        0.0        9999.0     0.0
F_sS6      f          50.0       75.0       0.0        0.0        0.0        0.0        0.0        9999.0     0.0
F4         f          58.0       75.0       0.0        0.0        0.0        0.0        0.0        9999.0     0.0
F6         f          0.0        8.0        0.0        0.0        0.0        0.0        0.0        9999.0     0.0
F9         f          13.0       53.0       0.0        0.0        0.0        0.0        0.0        9999.0     0.0
F14        f          49.0       47.0       0.0        0.0        0.0        0.0        0.0        9999.0     0.0
C7         c          67.0       60.0       10.0       9.0        1.0        50.0       203.0      319.0      10.0
C10        c          42.0       64.0       21.0       14.0       7.0        30.0       248.0      253.0      10.0
C11        c          41.0       60.0       37.0       25.0       12.0       35.0       168.0      201.0      10.0
C13        c          23.0       57.0       15.0       6.0        9.0        25.0       181.0      216.0      10.0
C27        c          50.0       27.0       2.0        1.0        1.0        25.0       190.0      220.0      10.0
C32        c          2.0        33.0       18.0       1.0        17.0       30.0       120.0      214.0      10.0
C33        c          39.0       55.0       12.0       9.0        3.0        50.0       230.0      316.0      10.0
C35        c          67.0       33.0       19.0       9.0        10.0       45.0       179.0      312.0      10.0
C36        c          40.0       33.0       14.0       12.0       2.0        50.0       158.0      261.0      10.0
C40        c          23.0       3.0        18.0       2.0        16.0       35.0       221.0      259.0      10.0
C46        c          47.0       28.0       30.0       18.0       12.0       30.0       134.0      176.0      10.0
C60        c          42.0       36.0       21.0       18.0       3.0        30.0       231.0      293.0      10.0
C79        c          58.0       42.0       11.0       8.0        3.0        20.0       294.0      318.0      10.0
C87        c          42.0       46.0       12.0       11.0       1.0        35.0       209.0      217.0      10.0
C94        c          21.0       31.0       21.0       14.0       7.0        40.0       259.0      318.0      10.0

L Large vehicle loading capacity /800.0/
C Electric vehicle loading capacity /100.0/
Q Electric vehicle battery capacity /65.5/
r Fuel consumption rate /1.0/
g Inverse refueling rate /0.5/
v Average velocity /1.0/
