StringID   Type       x          y          demand     DeliveryDemand  PickupDemand  DivisionRate ReadyTime  DueDate    ServiceTime
D0         d          50.0       150.0      0.0        0.0        0.0        0.0        0.0        9999.0     0.0
S1         s          50.0       25.0       0.0        0.0        0.0        0.0        0.0        9999.0     0.0
S6         s          50.0       75.0       0.0        0.0        0.0        0.0        0.0        9999.0     0.0
F_sS1      f          50.0       25.0       0.0        0.0        0.0        0.0        0.0        9999.0     0.0
F_sS6      f          50.0       75.0       0.0        0.0        0.0        0.0        0.0        9999.0     0.0
F4         f          75.0       57.0       0.0        0.0        0.0        0.0        0.0        9999.0     0.0
F14        f          18.0       36.0       0.0        0.0        0.0        0.0        0.0        9999.0     0.0
F6         f          22.0       21.0       0.0        0.0        0.0        0.0        0.0        9999.0     0.0
F7         f          22.0       43.0       0.0        0.0        0.0        0.0        0.0        9999.0     0.0
C7         c          36.0       28.0       24.0       19.0       5.0        30.0       142.0      190.0      10.0
C23        c          26.0       18.0       20.0       14.0       6.0        30.0       235.0      329.0      10.0
C27        c          31.0       30.0       31.0       30.0       1.0        40.0       181.0      281.0      10.0
C37        c          23.0       44.0       19.0       10.0       9.0        35.0       175.0      201.0      10.0
C46        c          12.0       30.0       20.0       8.0        12.0       25.0       171.0      286.0      10.0
C47        c          67.0       41.0       30.0       18.0       12.0       35.0       226.0      316.0      10.0
C48        c          2.0        54.0       15.0       1.0        14.0       25.0       166.0      273.0      10.0
C49        c          57.0       28.0       14.0       7.0        7.0        25.0       147.0      233.0      10.0
C56        c          63.0       30.0       16.0       8.0        8.0        20.0       244.0      284.0      10.0
C57        c          15.0       41.0       18.0       7.0        11.0       35.0       208.0      239.0      10.0
C72        c          25.0       56.0       15.0       7.0        8.0        30.0       216.0      221.0      10.0
C73        c          46.0       38.0       18.0       15.0       3.0        30.0       215.0      284.0      10.0
C82        c          19.0       3.0        1.0        0.0        1.0        35.0       208.0      267.0      10.0
C87        c          19.0       56.0       18.0       6.0        12.0       30.0       161.0      175.0      10.0
C95        c          2.0        40.0       14.0       1.0        13.0       45.0       210.0      305.0      10.0

L Large vehicle loading capacity /800.0/
C Electric vehicle loading capacity /100.0/
Q Electric vehicle battery capacity /65.5/
r Fuel consumption rate /1.0/
g Inverse refueling rate /0.5/
v Average velocity /1.0/
