StringID   Type       x          y          demand     DeliveryDemand  PickupDemand  DivisionRate ReadyTime  DueDate    ServiceTime
D0         d          50.0       150.0      0.0        0.0        0.0        0.0        0.0        9999.0     0.0
S1         s          50.0       25.0       0.0        0.0        0.0        0.0        0.0        9999.0     0.0
S6         s          50.0       75.0       0.0        0.0        0.0        0.0        0.0        9999.0     0.0
F_sS1      f          50.0       25.0       0.0        0.0        0.0        0.0        0.0        9999.0     0.0
F_sS6      f          50.0       75.0       0.0        0.0        0.0        0.0        0.0        9999.0     0.0
F6         f          25.0       54.0       0.0        0.0        0.0        0.0        0.0        9999.0     0.0
F10        f          75.0       26.0       0.0        0.0        0.0        0.0        0.0        9999.0     0.0
F3         f          69.0       21.0       0.0        0.0        0.0        0.0        0.0        9999.0     0.0
F12        f          4.0        5.0        0.0        0.0        0.0        0.0        0.0        9999.0     0.0
C1         c          14.0       60.0       14.0       3.0        11.0       30.0       223.0      257.0      10.0
C3         c          21.0       53.0       8.0        3.0        5.0        35.0       239.0      279.0      10.0
C8         c          30.0       30.0       3.0        3.0        0.0        40.0       158.0      162.0      10.0
C18        c          36.0       38.0       10.0       9.0        1.0        40.0       155.0      206.0      10.0
C19        c          67.0       24.0       25.0       9.0        16.0       35.0       152.0      259.0      10.0
C20        c          64.0       12.0       10.0       2.0        8.0        50.0       165.0      278.0      10.0
C27        c          46.0       12.0       24.0       6.0        18.0       30.0       205.0      258.0      10.0
C29        c          25.0       19.0       10.0       8.0        2.0        25.0       187.0      277.0      10.0
C39        c          18.0       68.0       1.0        0.0        1.0        40.0       143.0      325.0      10.0
C46        c          45.0       33.0       9.0        7.0        2.0        30.0       250.0      315.0      10.0
C49        c          39.0       52.0       19.0       14.0       5.0        35.0       164.0      195.0      10.0
C57        c          63.0       26.0       1.0        0.0        1.0        30.0       179.0      186.0      10.0
C77        c          13.0       47.0       9.0        2.0        7.0        30.0       158.0      222.0      10.0
C80        c          2.0        30.0       12.0       1.0        11.0       25.0       262.0      312.0      10.0
C83        c          16.0       7.0        7.0        3.0        4.0        35.0       241.0      243.0      10.0

L Large vehicle loading capacity /800.0/
C Electric vehicle loading capacity /100.0/
Q Electric vehicle battery capacity /65.5/
r Fuel consumption rate /1.0/
g Inverse refueling rate /0.5/
v Average velocity /1.0/
