StringID   Type       x          y          demand     DeliveryDemand  PickupDemand  DivisionRate ReadyTime  DueDate    ServiceTime
D0         d          50.0       150.0      0.0        0.0        0.0        0.0        0.0        9999.0     0.0
S1         s          50.0       25.0       0.0        0.0        0.0        0.0        0.0        9999.0     0.0
S6         s          50.0       75.0       0.0        0.0        0.0        0.0        0.0        9999.0     0.0
F_sS1      f          50.0       25.0       0.0        0.0        0.0        0.0        0.0        9999.0     0.0
F_sS6      f          50.0       75.0       0.0        0.0        0.0        0.0        0.0        9999.0     0.0
F4         f          32.0       37.0       0.0        0.0        0.0        0.0        0.0        9999.0     0.0
F5         f          52.0       17.0       0.0        0.0        0.0        0.0        0.0        9999.0     0.0
F0         f          69.0       62.0       0.0        0.0        0.0        0.0        0.0        9999.0     0.0
F16        f          46.0       40.0       0.0        0.0        0.0        0.0        0.0        9999.0     0.0
C0         c          49.0       8.0        15.0       2.0        13.0       40.0       169.0      295.0      10.0
C14        c          16.0       38.0       14.0       6.0        8.0        40.0       160.0      239.0      10.0
C16        c          59.0       13.0       14.0       3.0        11.0       40.0       171.0      212.0      10.0
C21        c          30.0       40.0       24.0       18.0       6.0        20.0       197.0      258.0      10.0
C23        c          67.0       30.0       30.0       13.0       17.0       40.0       124.0      260.0      10.0
C33        c          40.0       39.0       19.0       19.0       0.0        35.0       172.0      277.0      10.0
C35        c          48.0       48.0       11.0       11.0       0.0        35.0       216.0      263.0      10.0
C38        c          35.0       35.0       27.0       27.0       0.0        25.0       213.0      255.0      10.0
C46        c          41.0       69.0       1.0        1.0        0.0        45.0       258.0      291.0      10.0
C53        c          38.0       24.0       33.0       21.0       12.0       20.0       184.0      200.0      10.0
C54        c          17.0       45.0       16.0       6.0        10.0       25.0       210.0      317.0      10.0
C62        c          14.0       33.0       19.0       8.0        11.0       40.0       172.0      219.0      10.0
C64        c          44.0       36.0       21.0       17.0       4.0        30.0       210.0      276.0      10.0
C65        c          20.0       49.0       35.0       14.0       21.0       40.0       117.0      215.0      10.0
C72        c          36.0       35.0       6.0        6.0        0.0        40.0       162.0      242.0      10.0

L Large vehicle loading capacity /800.0/
C Electric vehicle loading capacity /100.0/
Q Electric vehicle battery capacity /65.5/
r Fuel consumption rate /1.0/
g Inverse refueling rate /0.5/
v Average velocity /1.0/
