StringID   Type       x          y          demand     DeliveryDemand  PickupDemand  DivisionRate ReadyTime  DueDate    ServiceTime
D0         d          50.0       150.0      0.0        0.0        0.0        0.0        0.0        9999.0     0.0
S1         s          50.0       25.0       0.0        0.0        0.0        0.0        0.0        9999.0     0.0
S6         s          50.0       75.0       0.0        0.0        0.0        0.0        0.0        9999.0     0.0
F_sS1      f          50.0       25.0       0.0        0.0        0.0        0.0        0.0        9999.0     0.0
F_sS6      f          50.0       75.0       0.0        0.0        0.0        0.0        0.0        9999.0     0.0
F16        f          43.0       26.0       0.0        0.0        0.0        0.0        0.0        9999.0     0.0
F20        f          2.0        59.0       0.0        0.0        0.0        0.0        0.0        9999.0     0.0
F0         f          52.0       26.0       0.0        0.0        0.0        0.0        0.0        9999.0     0.0
F18        f          45.0       10.0       0.0        0.0        0.0        0.0        0.0        9999.0     0.0
C2         c          54.0       42.0       28.0       22.0       6.0        45.0       184.0      274.0      10.0
C10        c          38.0       32.0       5.0        4.0        1.0        20.0       279.0      316.0      10.0
C20        c          58.0       64.0       19.0       17.0       2.0        50.0       167.0      314.0      10.0
C23        c          44.0       18.0       7.0        3.0        4.0        45.0       160.0      237.0      10.0
C25        c          35.0       47.0       14.0       10.0       4.0        45.0       128.0      260.0      10.0
C29        c          34.0       25.0       29.0       21.0       8.0        25.0       223.0      276.0      10.0
C34        c          45.0       5.0        31.0       3.0        28.0       35.0       246.0      324.0      10.0
C35        c          41.0       5.0        15.0       2.0        13.0       35.0       176.0      220.0      10.0
C36        c          41.0       43.0       15.0       14.0       1.0        50.0       135.0      330.0      10.0
C67        c          7.0        34.0       26.0       5.0        21.0       40.0       195.0      241.0      10.0
C68        c          10.0       48.0       13.0       3.0        10.0       40.0       226.0      293.0      10.0
C88        c          19.0       60.0       27.0       9.0        18.0       40.0       126.0      178.0      10.0
C91        c          36.0       43.0       3.0        3.0        0.0        25.0       122.0      274.0      10.0
C92        c          42.0       19.0       9.0        4.0        5.0        50.0       168.0      320.0      10.0
C93        c          50.0       46.0       20.0       18.0       2.0        25.0       233.0      244.0      10.0

L Large vehicle loading capacity /800.0/
C Electric vehicle loading capacity /100.0/
Q Electric vehicle battery capacity /65.5/
r Fuel consumption rate /1.0/
g Inverse refueling rate /0.5/
v Average velocity /1.0/
