StringID   Type       x          y          demand     DeliveryDemand  PickupDemand  DivisionRate ReadyTime  DueDate    ServiceTime
D0         d          50.0       150.0      0.0        0.0        0.0        0.0        0.0        9999.0     0.0
S1         s          50.0       25.0       0.0        0.0        0.0        0.0        0.0        9999.0     0.0
S6         s          50.0       75.0       0.0        0.0        0.0        0.0        0.0        9999.0     0.0
F_sS1      f          50.0       25.0       0.0        0.0        0.0        0.0        0.0        9999.0     0.0
F_sS6      f          50.0       75.0       0.0        0.0        0.0        0.0        0.0        9999.0     0.0
F14        f          37.0       52.0       0.0        0.0        0.0        0.0        0.0        9999.0     0.0
F20        f          12.0       64.0       0.0        0.0        0.0        0.0        0.0        9999.0     0.0
F3         f          34.0       23.0       0.0        0.0        0.0        0.0        0.0        9999.0     0.0
F19        f          9.0        50.0       0.0        0.0        0.0        0.0        0.0        9999.0     0.0
C0         c          32.0       25.0       3.0        2.0        1.0        25.0       187.0      286.0      10.0
C2         c          47.0       38.0       32.0       26.0       6.0        30.0       133.0      277.0      10.0
C7         c          44.0       47.0       7.0        7.0        0.0        25.0       118.0      154.0      10.0
C28        c          9.0        61.0       8.0        1.0        7.0        30.0       295.0      304.0      10.0
C29        c          39.0       62.0       2.0        1.0        1.0        20.0       191.0      194.0      10.0
C40        c          49.0       43.0       4.0        4.0        0.0        45.0       191.0      194.0      10.0
C45        c          21.0       19.0       1.0        1.0        0.0        25.0       187.0      280.0      10.0
C62        c          5.0        66.0       20.0       2.0        18.0       35.0       197.0      225.0      10.0
C72        c          41.0       46.0       14.0       12.0       2.0        40.0       117.0      201.0      10.0
C75        c          8.0        24.0       8.0        3.0        5.0        50.0       150.0      227.0      10.0
C78        c          12.0       52.0       13.0       3.0        10.0       40.0       212.0      241.0      10.0
C84        c          24.0       41.0       26.0       15.0       11.0       30.0       138.0      289.0      10.0
C90        c          46.0       34.0       5.0        4.0        1.0        40.0       169.0      277.0      10.0
C94        c          54.0       25.0       36.0       17.0       19.0       45.0       176.0      189.0      10.0
C99        c          18.0       28.0       14.0       9.0        5.0        25.0       128.0      171.0      10.0

L Large vehicle loading capacity /800.0/
C Electric vehicle loading capacity /100.0/
Q Electric vehicle battery capacity /65.5/
r Fuel consumption rate /1.0/
g Inverse refueling rate /0.5/
v Average velocity /1.0/
