StringID   Type       x          y          demand     DeliveryDemand  PickupDemand  DivisionRate ReadyTime  DueDate    ServiceTime
D0         d          50.0       150.0      0.0        0.0        0.0        0.0        0.0        9999.0     0.0
S1         s          50.0       25.0       0.0        0.0        0.0        0.0        0.0        9999.0     0.0
S6         s          50.0       75.0       0.0        0.0        0.0        0.0        0.0        9999.0     0.0
F_sS1      f          50.0       25.0       0.0        0.0        0.0        0.0        0.0        9999.0     0.0
F_sS6      f          50.0       75.0       0.0        0.0        0.0        0.0        0.0        9999.0     0.0
F14        f          65.0       21.0       0.0        0.0        0.0        0.0        0.0        9999.0     0.0
F7         f          28.0       39.0       0.0        0.0        0.0        0.0        0.0        9999.0     0.0
F8         f          42.0       11.0       0.0        0.0        0.0        0.0        0.0        9999.0     0.0
F10        f          65.0       75.0       0.0        0.0        0.0        0.0        0.0        9999.0     0.0
C18        c          12.0       3.0        13.0       3.0        10.0       45.0       142.0      330.0      10.0
C29        c          60.0       62.0       30.0       29.0       1.0        25.0       235.0      237.0      10.0
C38        c          12.0       32.0       27.0       10.0       17.0       35.0       183.0      329.0      10.0
C40        c          16.0       28.0       5.0        3.0        2.0        30.0       213.0      305.0      10.0
C47        c          9.0        37.0       8.0        2.0        6.0        25.0       184.0      303.0      10.0
C50        c          42.0       27.0       14.0       9.0        5.0        30.0       249.0      311.0      10.0
C58        c          36.0       31.0       38.0       33.0       5.0        40.0       173.0      183.0      10.0
C63        c          50.0       45.0       24.0       22.0       2.0        35.0       122.0      278.0      10.0
C64        c          27.0       32.0       34.0       29.0       5.0        40.0       162.0      258.0      10.0
C70        c          53.0       34.0       4.0        3.0        1.0        40.0       176.0      182.0      10.0
C77        c          25.0       7.0        17.0       5.0        12.0       40.0       233.0      289.0      10.0
C81        c          50.0       40.0       17.0       14.0       3.0        35.0       193.0      269.0      10.0
C82        c          61.0       53.0       23.0       20.0       3.0        40.0       175.0      255.0      10.0
C91        c          40.0       50.0       15.0       12.0       3.0        35.0       164.0      311.0      10.0
C93        c          27.0       32.0       14.0       12.0       2.0        30.0       226.0      289.0      10.0

L Large vehicle loading capacity /800.0/
C Electric vehicle loading capacity /100.0/
Q Electric vehicle battery capacity /65.5/
r Fuel consumption rate /1.0/
g Inverse refueling rate /0.5/
v Average velocity /1.0/
