StringID   Type       x          y          demand     DeliveryDemand  PickupDemand  DivisionRate ReadyTime  DueDate    ServiceTime
D0         d          50.0       150.0      0.0        0.0        0.0        0.0        0.0        9999.0     0.0
S1         s          50.0       25.0       0.0        0.0        0.0        0.0        0.0        9999.0     0.0
S6         s          50.0       75.0       0.0        0.0        0.0        0.0        0.0        9999.0     0.0
F_sS1      f          50.0       25.0       0.0        0.0        0.0        0.0        0.0        9999.0     0.0
F_sS6      f          50.0       75.0       0.0        0.0        0.0        0.0        0.0        9999.0     0.0
F6         f          44.0       17.0       0.0        0.0        0.0        0.0        0.0        9999.0     0.0
F10        f          22.0       12.0       0.0        0.0        0.0        0.0        0.0        9999.0     0.0
F3         f          0.0        35.0       0.0        0.0        0.0        0.0        0.0        9999.0     0.0
F11        f          75.0       21.0       0.0        0.0        0.0        0.0        0.0        9999.0     0.0
C4         c          11.0       54.0       26.0       5.0        21.0       30.0       168.0      254.0      10.0
C8         c          17.0       25.0       21.0       14.0       7.0        45.0       250.0      264.0      10.0
C10        c          37.0       26.0       13.0       9.0        4.0        20.0       173.0      306.0      10.0
C27        c          23.0       76.0       8.0        2.0        6.0        50.0       217.0      251.0      10.0
C36        c          22.0       15.0       25.0       17.0       8.0        30.0       258.0      298.0      10.0
C44        c          20.0       23.0       10.0       9.0        1.0        45.0       256.0      294.0      10.0
C51        c          29.0       56.0       5.0        3.0        2.0        40.0       141.0      198.0      10.0
C59        c          7.0        32.0       12.0       3.0        9.0        40.0       163.0      183.0      10.0
C65        c          40.0       31.0       3.0        2.0        1.0        30.0       232.0      267.0      10.0
C68        c          42.0       51.0       16.0       13.0       3.0        20.0       294.0      308.0      10.0
C69        c          55.0       15.0       22.0       6.0        16.0       35.0       205.0      213.0      10.0
C83        c          33.0       51.0       27.0       17.0       10.0       30.0       190.0      319.0      10.0
C93        c          3.0        19.0       7.0        1.0        6.0        45.0       224.0      328.0      10.0
C96        c          67.0       11.0       14.0       2.0        12.0       35.0       291.0      306.0      10.0
C98        c          22.0       11.0       2.0        1.0        1.0        40.0       180.0      217.0      10.0

L Large vehicle loading capacity /800.0/
C Electric vehicle loading capacity /100.0/
Q Electric vehicle battery capacity /65.5/
r Fuel consumption rate /1.0/
g Inverse refueling rate /0.5/
v Average velocity /1.0/
