StringID   Type       x          y          demand     DeliveryDemand  PickupDemand  DivisionRate ReadyTime  DueDate    ServiceTime
D0         d          50.0       150.0      0.0        0.0        0.0        0.0        0.0        9999.0     0.0
S1         s          50.0       25.0       0.0        0.0        0.0        0.0        0.0        9999.0     0.0
S6         s          50.0       75.0       0.0        0.0        0.0        0.0        0.0        9999.0     0.0
F_sS1      f          50.0       25.0       0.0        0.0        0.0        0.0        0.0        9999.0     0.0
F_sS6      f          50.0       75.0       0.0        0.0        0.0        0.0        0.0        9999.0     0.0
F11        f          15.0       16.0       0.0        0.0        0.0        0.0        0.0        9999.0     0.0
F18        f          75.0       66.0       0.0        0.0        0.0        0.0        0.0        9999.0     0.0
F14        f          53.0       29.0       0.0        0.0        0.0        0.0        0.0        9999.0     0.0
F8         f          47.0       27.0       0.0        0.0        0.0        0.0        0.0        9999.0     0.0
C0         c          26.0       74.0       13.0       5.0        8.0        20.0       159.0      221.0      10.0
C6         c          45.0       43.0       23.0       22.0       1.0        45.0       211.0      236.0      10.0
C8         c          20.0       22.0       15.0       14.0       1.0        40.0       314.0      319.0      10.0
C10        c          44.0       3.0        31.0       2.0        29.0       20.0       133.0      198.0      10.0
C20        c          33.0       46.0       4.0        3.0        1.0        35.0       181.0      214.0      10.0
C35        c          2.0        42.0       9.0        0.0        9.0        30.0       236.0      244.0      10.0
C36        c          46.0       22.0       24.0       11.0       13.0       30.0       175.0      248.0      10.0
C37        c          35.0       10.0       5.0        1.0        4.0        30.0       199.0      203.0      10.0
C40        c          60.0       60.0       14.0       14.0       0.0        45.0       201.0      204.0      10.0
C47        c          51.0       22.0       29.0       13.0       16.0       35.0       212.0      310.0      10.0
C53        c          51.0       39.0       8.0        6.0        2.0        30.0       150.0      155.0      10.0
C54        c          51.0       52.0       28.0       27.0       1.0        25.0       120.0      297.0      10.0
C63        c          39.0       43.0       1.0        1.0        0.0        30.0       225.0      293.0      10.0
C95        c          35.0       33.0       11.0       10.0       1.0        50.0       138.0      270.0      10.0
C96        c          37.0       47.0       19.0       15.0       4.0        50.0       171.0      198.0      10.0

L Large vehicle loading capacity /800.0/
C Electric vehicle loading capacity /100.0/
Q Electric vehicle battery capacity /65.5/
r Fuel consumption rate /1.0/
g Inverse refueling rate /0.5/
v Average velocity /1.0/
