StringID   Type       x          y          demand     DeliveryDemand  PickupDemand  DivisionRate ReadyTime  DueDate    ServiceTime
D0         d          50.0       150.0      0.0        0.0        0.0        0.0        0.0        9999.0     0.0
S1         s          50.0       25.0       0.0        0.0        0.0        0.0        0.0        9999.0     0.0
S6         s          50.0       75.0       0.0        0.0        0.0        0.0        0.0        9999.0     0.0
F_sS1      f          50.0       25.0       0.0        0.0        0.0        0.0        0.0        9999.0     0.0
F_sS6      f          50.0       75.0       0.0        0.0        0.0        0.0        0.0        9999.0     0.0
F1         f          70.0       9.0        0.0        0.0        0.0        0.0        0.0        9999.0     0.0
F19        f          51.0       27.0       0.0        0.0        0.0        0.0        0.0        9999.0     0.0
F3         f          0.0        14.0       0.0        0.0        0.0        0.0        0.0        9999.0     0.0
F2         f          37.0       41.0       0.0        0.0        0.0        0.0        0.0        9999.0     0.0
C13        c          18.0       39.0       7.0        3.0        4.0        25.0       234.0      327.0      10.0
C15        c          18.0       57.0       31.0       10.0       21.0       45.0       236.0      247.0      10.0
C19        c          23.0       57.0       15.0       6.0        9.0        25.0       201.0      255.0      10.0
C21        c          48.0       12.0       15.0       4.0        11.0       35.0       241.0      330.0      10.0
C32        c          28.0       55.0       1.0        1.0        0.0        30.0       188.0      262.0      10.0
C37        c          41.0       36.0       28.0       25.0       3.0        30.0       167.0      245.0      10.0
C38        c          33.0       30.0       19.0       17.0       2.0        35.0       193.0      251.0      10.0
C48        c          37.0       64.0       26.0       15.0       11.0       35.0       164.0      228.0      10.0
C60        c          2.0        24.0       13.0       1.0        12.0       40.0       269.0      322.0      10.0
C69        c          48.0       37.0       5.0        4.0        1.0        30.0       273.0      288.0      10.0
C75        c          43.0       12.0       12.0       3.0        9.0        30.0       225.0      251.0      10.0
C76        c          34.0       74.0       10.0       5.0        5.0        45.0       121.0      262.0      10.0
C82        c          36.0       39.0       11.0       10.0       1.0        50.0       199.0      208.0      10.0
C93        c          39.0       72.0       17.0       9.0        8.0        40.0       238.0      241.0      10.0
C99        c          38.0       45.0       18.0       15.0       3.0        50.0       190.0      215.0      10.0

L Large vehicle loading capacity /800.0/
C Electric vehicle loading capacity /100.0/
Q Electric vehicle battery capacity /65.5/
r Fuel consumption rate /1.0/
g Inverse refueling rate /0.5/
v Average velocity /1.0/
