StringID   Type       x          y          demand     DeliveryDemand  PickupDemand  DivisionRate ReadyTime  DueDate    ServiceTime
D0         d          50.0       150.0      0.0        0.0        0.0        0.0        0.0        9999.0     0.0
S1         s          50.0       25.0       0.0        0.0        0.0        0.0        0.0        9999.0     0.0
S6         s          50.0       75.0       0.0        0.0        0.0        0.0        0.0        9999.0     0.0
F_sS1      f          50.0       25.0       0.0        0.0        0.0        0.0        0.0        9999.0     0.0
F_sS6      f          50.0       75.0       0.0        0.0        0.0        0.0        0.0        9999.0     0.0
F7         f          70.0       30.0       0.0        0.0        0.0        0.0        0.0        9999.0     0.0
F12        f          17.0       36.0       0.0        0.0        0.0        0.0        0.0        9999.0     0.0
F14        f          39.0       42.0       0.0        0.0        0.0        0.0        0.0        9999.0     0.0
F10        f          28.0       71.0       0.0        0.0        0.0        0.0        0.0        9999.0     0.0
C9         c          42.0       19.0       13.0       6.0        7.0        35.0       163.0      260.0      10.0
C24        c          24.0       16.0       30.0       20.0       10.0       45.0       176.0      297.0      10.0
C40        c          20.0       28.0       24.0       17.0       7.0        30.0       146.0      256.0      10.0
C42        c          45.0       17.0       20.0       8.0        12.0       50.0       224.0      279.0      10.0
C52        c          32.0       48.0       12.0       8.0        4.0        45.0       185.0      247.0      10.0
C54        c          33.0       41.0       11.0       9.0        2.0        50.0       213.0      240.0      10.0
C56        c          10.0       44.0       14.0       3.0        11.0       40.0       173.0      193.0      10.0
C58        c          57.0       43.0       7.0        5.0        2.0        40.0       204.0      206.0      10.0
C59        c          17.0       49.0       17.0       6.0        11.0       25.0       204.0      233.0      10.0
C69        c          27.0       34.0       7.0        6.0        1.0        30.0       200.0      325.0      10.0
C79        c          35.0       26.0       19.0       14.0       5.0        40.0       153.0      250.0      10.0
C82        c          2.0        13.0       18.0       3.0        15.0       45.0       172.0      310.0      10.0
C83        c          34.0       58.0       1.0        1.0        0.0        45.0       240.0      258.0      10.0
C86        c          31.0       57.0       15.0       8.0        7.0        35.0       250.0      283.0      10.0
C98        c          24.0       36.0       9.0        6.0        3.0        25.0       202.0      286.0      10.0

L Large vehicle loading capacity /800.0/
C Electric vehicle loading capacity /100.0/
Q Electric vehicle battery capacity /65.5/
r Fuel consumption rate /1.0/
g Inverse refueling rate /0.5/
v Average velocity /1.0/
