StringID   Type       x          y          demand     DeliveryDemand  PickupDemand  DivisionRate ReadyTime  DueDate    ServiceTime
D0         d          50.0       150.0      0.0        0.0        0.0        0.0        0.0        9999.0     0.0
S1         s          50.0       25.0       0.0        0.0        0.0        0.0        0.0        9999.0     0.0
S6         s          50.0       75.0       0.0        0.0        0.0        0.0        0.0        9999.0     0.0
F_sS1      f          50.0       25.0       0.0        0.0        0.0        0.0        0.0        9999.0     0.0
F_sS6      f          50.0       75.0       0.0        0.0        0.0        0.0        0.0        9999.0     0.0
F4         f          61.0       32.0       0.0        0.0        0.0        0.0        0.0        9999.0     0.0
F14        f          19.0       32.0       0.0        0.0        0.0        0.0        0.0        9999.0     0.0
F0         f          59.0       56.0       0.0        0.0        0.0        0.0        0.0        9999.0     0.0
F2         f          0.0        27.0       0.0        0.0        0.0        0.0        0.0        9999.0     0.0
C12        c          40.0       48.0       6.0        5.0        1.0        45.0       238.0      288.0      10.0
C15        c          61.0       31.0       15.0       8.0        7.0        50.0       185.0      263.0      10.0
C17        c          43.0       24.0       21.0       12.0       9.0        25.0       129.0      286.0      10.0
C34        c          42.0       19.0       5.0        2.0        3.0        40.0       227.0      251.0      10.0
C42        c          31.0       68.0       11.0       5.0        6.0        35.0       155.0      320.0      10.0
C48        c          45.0       53.0       4.0        3.0        1.0        45.0       182.0      326.0      10.0
C57        c          67.0       46.0       23.0       16.0       7.0        50.0       148.0      183.0      10.0
C59        c          17.0       43.0       27.0       11.0       16.0       30.0       189.0      232.0      10.0
C60        c          12.0       38.0       9.0        3.0        6.0        45.0       242.0      306.0      10.0
C71        c          44.0       17.0       6.0        2.0        4.0        45.0       202.0      209.0      10.0
C81        c          33.0       24.0       10.0       7.0        3.0        45.0       244.0      310.0      10.0
C90        c          20.0       13.0       3.0        2.0        1.0        30.0       201.0      265.0      10.0
C93        c          28.0       57.0       1.0        0.0        1.0        30.0       315.0      319.0      10.0
C97        c          39.0       45.0       18.0       16.0       2.0        45.0       180.0      219.0      10.0
C99        c          24.0       43.0       18.0       10.0       8.0        25.0       157.0      196.0      10.0

L Large vehicle loading capacity /800.0/
C Electric vehicle loading capacity /100.0/
Q Electric vehicle battery capacity /65.5/
r Fuel consumption rate /1.0/
g Inverse refueling rate /0.5/
v Average velocity /1.0/
