StringID   Type       x          y          demand     DeliveryDemand  PickupDemand  DivisionRate ReadyTime  DueDate    ServiceTime
D0         d          50.0       150.0      0.0        0.0        0.0        0.0        0.0        9999.0     0.0
S1         s          50.0       25.0       0.0        0.0        0.0        0.0        0.0        9999.0     0.0
S6         s          50.0       75.0       0.0        0.0        0.0        0.0        0.0        9999.0     0.0
F_sS1      f          50.0       25.0       0.0        0.0        0.0        0.0        0.0        9999.0     0.0
F_sS6      f          50.0       75.0       0.0        0.0        0.0        0.0        0.0        9999.0     0.0
F3         f          32.0       21.0       0.0        0.0        0.0        0.0        0.0        9999.0     0.0
F0         f          68.0       20.0       0.0        0.0        0.0        0.0        0.0        9999.0     0.0
F12        f          57.0       16.0       0.0        0.0        0.0        0.0        0.0        9999.0     0.0
F10        f          18.0       26.0       0.0        0.0        0.0        0.0        0.0        9999.0     0.0
C5         c          67.0       66.0       23.0       23.0       0.0        40.0       289.0      292.0      10.0
C8         c          34.0       3.0        20.0       2.0        18.0       30.0       225.0      235.0      10.0
C19        c          28.0       17.0       9.0        5.0        4.0        30.0       190.0      248.0      10.0
C21        c          38.0       18.0       19.0       9.0        10.0       35.0       187.0      214.0      10.0
C27        c          33.0       9.0        11.0       3.0        8.0        30.0       209.0      226.0      10.0
C31        c          46.0       77.0       3.0        2.0        1.0        45.0       227.0      259.0      10.0
C36        c          16.0       13.0       13.0       11.0       2.0        40.0       207.0      291.0      10.0
C39        c          45.0       25.0       24.0       13.0       11.0       35.0       171.0      246.0      10.0
C61        c          23.0       34.0       24.0       16.0       8.0        50.0       209.0      248.0      10.0
C62        c          59.0       17.0       25.0       7.0        18.0       35.0       161.0      255.0      10.0
C68        c          67.0       51.0       22.0       17.0       5.0        35.0       143.0      156.0      10.0
C73        c          22.0       26.0       2.0        2.0        0.0        40.0       174.0      192.0      10.0
C75        c          34.0       43.0       1.0        1.0        0.0        50.0       220.0      237.0      10.0
C76        c          52.0       54.0       22.0       21.0       1.0        25.0       150.0      193.0      10.0
C82        c          29.0       40.0       17.0       12.0       5.0        35.0       289.0      290.0      10.0

L Large vehicle loading capacity /800.0/
C Electric vehicle loading capacity /100.0/
Q Electric vehicle battery capacity /65.5/
r Fuel consumption rate /1.0/
g Inverse refueling rate /0.5/
v Average velocity /1.0/
