StringID   Type       x          y          demand     DeliveryDemand  PickupDemand  DivisionRate ReadyTime  DueDate    ServiceTime
D0         d          50.0       150.0      0.0        0.0        0.0        0.0        0.0        9999.0     0.0
S1         s          50.0       25.0       0.0        0.0        0.0        0.0        0.0        9999.0     0.0
S6         s          50.0       75.0       0.0        0.0        0.0        0.0        0.0        9999.0     0.0
F_sS1      f          50.0       25.0       0.0        0.0        0.0        0.0        0.0        9999.0     0.0
F_sS6      f          50.0       75.0       0.0        0.0        0.0        0.0        0.0        9999.0     0.0
F6         f          71.0       24.0       0.0        0.0        0.0        0.0        0.0        9999.0     0.0
F10        f          75.0       6.0        0.0        0.0        0.0        0.0        0.0        9999.0     0.0
F18        f          0.0        5.0        0.0        0.0        0.0        0.0        0.0        9999.0     0.0
F17        f          39.0       32.0       0.0        0.0        0.0        0.0        0.0        9999.0     0.0
C4         c          49.0       13.0       9.0        2.0        7.0        45.0       211.0      241.0      10.0
C6         c          33.0       47.0       16.0       11.0       5.0        35.0       240.0      293.0      10.0
C10        c          26.0       44.0       23.0       14.0       9.0        35.0       139.0      171.0      10.0
C32        c          25.0       27.0       12.0       11.0       1.0        30.0       198.0      210.0      10.0
C42        c          39.0       66.0       20.0       12.0       8.0        40.0       253.0      285.0      10.0
C43        c          31.0       17.0       6.0        3.0        3.0        45.0       175.0      270.0      10.0
C45        c          28.0       26.0       12.0       11.0       1.0        40.0       198.0      293.0      10.0
C50        c          23.0       38.0       6.0        4.0        2.0        45.0       295.0      319.0      10.0
C57        c          23.0       16.0       14.0       10.0       4.0        30.0       215.0      248.0      10.0
C59        c          8.0        26.0       16.0       5.0        11.0       30.0       159.0      269.0      10.0
C72        c          2.0        3.0        1.0        1.0        0.0        50.0       153.0      271.0      10.0
C77        c          41.0       59.0       11.0       8.0        3.0        25.0       162.0      309.0      10.0
C78        c          33.0       5.0        20.0       3.0        17.0       40.0       149.0      292.0      10.0
C86        c          30.0       28.0       1.0        1.0        0.0        25.0       183.0      206.0      10.0
C88        c          35.0       53.0       23.0       15.0       8.0        35.0       248.0      271.0      10.0

L Large vehicle loading capacity /800.0/
C Electric vehicle loading capacity /100.0/
Q Electric vehicle battery capacity /65.5/
r Fuel consumption rate /1.0/
g Inverse refueling rate /0.5/
v Average velocity /1.0/
