StringID   Type       x          y          demand     DeliveryDemand  PickupDemand  DivisionRate ReadyTime  DueDate    ServiceTime
D0         d          50.0       150.0      0.0        0.0        0.0        0.0        0.0        9999.0     0.0
S1         s          50.0       25.0       0.0        0.0        0.0        0.0        0.0        9999.0     0.0
S6         s          50.0       75.0       0.0        0.0        0.0        0.0        0.0        9999.0     0.0
F_sS1      f          50.0       25.0       0.0        0.0        0.0        0.0        0.0        9999.0     0.0
F_sS6      f          50.0       75.0       0.0        0.0        0.0        0.0        0.0        9999.0     0.0
F5         f          65.0       46.0       0.0        0.0        0.0        0.0        0.0        9999.0     0.0
F3         f          22.0       5.0        0.0        0.0        0.0        0.0        0.0        9999.0     0.0
F15        f          0.0        50.0       0.0        0.0        0.0        0.0        0.0        9999.0     0.0
F0         f          43.0       11.0       0.0        0.0        0.0        0.0        0.0        9999.0     0.0
C0         c          39.0       31.0       1.0        1.0        0.0        40.0       183.0      267.0      10.0
C1         c          17.0       45.0       13.0       5.0        8.0        45.0       213.0      300.0      10.0
C4         c          16.0       28.0       12.0       7.0        5.0        50.0       157.0      210.0      10.0
C16        c          46.0       6.0        6.0        1.0        5.0        25.0       218.0      248.0      10.0
C23        c          28.0       61.0       21.0       10.0       11.0       45.0       201.0      210.0      10.0
C33        c          50.0       36.0       6.0        4.0        2.0        20.0       169.0      225.0      10.0
C49        c          46.0       43.0       7.0        7.0        0.0        50.0       231.0      329.0      10.0
C57        c          43.0       28.0       1.0        1.0        0.0        45.0       170.0      250.0      10.0
C66        c          21.0       59.0       18.0       6.0        12.0       35.0       150.0      236.0      10.0
C68        c          55.0       51.0       35.0       32.0       3.0        40.0       133.0      237.0      10.0
C71        c          3.0        21.0       21.0       3.0        18.0       25.0       218.0      221.0      10.0
C72        c          26.0       41.0       10.0       6.0        4.0        40.0       192.0      192.0      10.0
C75        c          43.0       33.0       11.0       8.0        3.0        45.0       187.0      265.0      10.0
C88        c          5.0        47.0       23.0       2.0        21.0       20.0       188.0      214.0      10.0
C94        c          29.0       76.0       22.0       8.0        14.0       25.0       244.0      246.0      10.0

L Large vehicle loading capacity /800.0/
C Electric vehicle loading capacity /100.0/
Q Electric vehicle battery capacity /65.5/
r Fuel consumption rate /1.0/
g Inverse refueling rate /0.5/
v Average velocity /1.0/
