StringID   Type       x          y          demand     DeliveryDemand  PickupDemand  DivisionRate ReadyTime  DueDate    ServiceTime
D0         d          50.0       150.0      0.0        0.0        0.0        0.0        0.0        9999.0     0.0
S1         s          50.0       25.0       0.0        0.0        0.0        0.0        0.0        9999.0     0.0
S6         s          50.0       75.0       0.0        0.0        0.0        0.0        0.0        9999.0     0.0
F_sS1      f          50.0       25.0       0.0        0.0        0.0        0.0        0.0        9999.0     0.0
F_sS6      f          50.0       75.0       0.0        0.0        0.0        0.0        0.0        9999.0     0.0
F7         f          11.0       60.0       0.0        0.0        0.0        0.0        0.0        9999.0     0.0
F9         f          40.0       51.0       0.0        0.0        0.0        0.0        0.0        9999.0     0.0
F5         f          22.0       75.0       0.0        0.0        0.0        0.0        0.0        9999.0     0.0
F3         f          14.0       75.0       0.0        0.0        0.0        0.0        0.0        9999.0     0.0
C1         c          55.0       49.0       20.0       18.0       2.0        20.0       141.0      286.0      10.0
C4         c          12.0       51.0       2.0        0.0        2.0        25.0       218.0      282.0      10.0
C18        c          47.0       34.0       16.0       12.0       4.0        20.0       233.0      254.0      10.0
C35        c          49.0       51.0       26.0       25.0       1.0        20.0       150.0      277.0      10.0
C46        c          50.0       38.0       2.0        2.0        0.0        40.0       194.0      212.0      10.0
C48        c          25.0       38.0       1.0        1.0        0.0        35.0       180.0      312.0      10.0
C53        c          22.0       26.0       12.0       10.0       2.0        30.0       119.0      230.0      10.0
C55        c          32.0       64.0       17.0       8.0        9.0        20.0       189.0      327.0      10.0
C58        c          51.0       55.0       2.0        2.0        0.0        40.0       154.0      218.0      10.0
C64        c          52.0       30.0       17.0       10.0       7.0        30.0       169.0      190.0      10.0
C70        c          31.0       77.0       6.0        2.0        4.0        25.0       213.0      318.0      10.0
C80        c          51.0       16.0       1.0        0.0        1.0        20.0       203.0      265.0      10.0
C89        c          43.0       35.0       16.0       13.0       3.0        50.0       138.0      325.0      10.0
C92        c          26.0       65.0       13.0       5.0        8.0        40.0       237.0      312.0      10.0
C94        c          44.0       18.0       11.0       4.0        7.0        40.0       212.0      270.0      10.0

L Large vehicle loading capacity /800.0/
C Electric vehicle loading capacity /100.0/
Q Electric vehicle battery capacity /65.5/
r Fuel consumption rate /1.0/
g Inverse refueling rate /0.5/
v Average velocity /1.0/
