StringID   Type       x          y          demand     DeliveryDemand  PickupDemand  DivisionRate ReadyTime  DueDate    ServiceTime
D0         d          50.0       150.0      0.0        0.0        0.0        0.0        0.0        9999.0     0.0
S1         s          50.0       25.0       0.0        0.0        0.0        0.0        0.0        9999.0     0.0
S6         s          50.0       75.0       0.0        0.0        0.0        0.0        0.0        9999.0     0.0
F_sS1      f          50.0       25.0       0.0        0.0        0.0        0.0        0.0        9999.0     0.0
F_sS6      f          50.0       75.0       0.0        0.0        0.0        0.0        0.0        9999.0     0.0
F11        f          75.0       67.0       0.0        0.0        0.0        0.0        0.0        9999.0     0.0
F9         f          28.0       52.0       0.0        0.0        0.0        0.0        0.0        9999.0     0.0
F10        f          39.0       18.0       0.0        0.0        0.0        0.0        0.0        9999.0     0.0
F2         f          65.0       52.0       0.0        0.0        0.0        0.0        0.0        9999.0     0.0
C4         c          26.0       33.0       13.0       10.0       3.0        30.0       179.0      261.0      10.0
C14        c          66.0       61.0       8.0        7.0        1.0        50.0       153.0      315.0      10.0
C16        c          52.0       24.0       26.0       12.0       14.0       45.0       208.0      264.0      10.0
C23        c          10.0       23.0       25.0       11.0       14.0       40.0       249.0      282.0      10.0
C26        c          59.0       55.0       23.0       21.0       2.0        35.0       124.0      319.0      10.0
C27        c          28.0       40.0       6.0        4.0        2.0        35.0       191.0      214.0      10.0
C28        c          50.0       53.0       14.0       13.0       1.0        50.0       177.0      258.0      10.0
C37        c          51.0       53.0       4.0        4.0        0.0        35.0       187.0      288.0      10.0
C43        c          47.0       42.0       20.0       18.0       2.0        45.0       225.0      241.0      10.0
C55        c          34.0       54.0       17.0       11.0       6.0        30.0       178.0      310.0      10.0
C60        c          24.0       25.0       25.0       24.0       1.0        30.0       169.0      328.0      10.0
C74        c          48.0       64.0       13.0       10.0       3.0        40.0       177.0      230.0      10.0
C83        c          18.0       46.0       10.0       4.0        6.0        20.0       218.0      246.0      10.0
C86        c          36.0       36.0       13.0       13.0       0.0        30.0       223.0      265.0      10.0
C93        c          25.0       35.0       22.0       16.0       6.0        50.0       200.0      290.0      10.0

L Large vehicle loading capacity /800.0/
C Electric vehicle loading capacity /100.0/
Q Electric vehicle battery capacity /65.5/
r Fuel consumption rate /1.0/
g Inverse refueling rate /0.5/
v Average velocity /1.0/
