StringID   Type       x          y          demand     DeliveryDemand  PickupDemand  DivisionRate ReadyTime  DueDate    ServiceTime
D0         d          50.0       150.0      0.0        0.0        0.0        0.0        0.0        9999.0     0.0
S1         s          50.0       25.0       0.0        0.0        0.0        0.0        0.0        9999.0     0.0
S6         s          50.0       75.0       0.0        0.0        0.0        0.0        0.0        9999.0     0.0
F_sS1      f          50.0       25.0       0.0        0.0        0.0        0.0        0.0        9999.0     0.0
F_sS6      f          50.0       75.0       0.0        0.0        0.0        0.0        0.0        9999.0     0.0
F5         f          60.0       13.0       0.0        0.0        0.0        0.0        0.0        9999.0     0.0
F8         f          42.0       13.0       0.0        0.0        0.0        0.0        0.0        9999.0     0.0
F0         f          20.0       43.0       0.0        0.0        0.0        0.0        0.0        9999.0     0.0             
F10        f          60.0       16.0       0.0        0.0        0.0        0.0        0.0        9999.0     0.0           
C2         c          2.0        34.0       18.0       1.0        17.0       20.0       250.0      276.0      10.0
C4         c          38.0       38.0       12.0       12.0       0.0        40.0       129.0      208.0      10.0
C12        c          59.0       17.0       20.0       6.0        14.0       40.0       133.0      291.0      10.0
C30        c          29.0       28.0       19.0       18.0       1.0        30.0       274.0      314.0      10.0
C31        c          31.0       34.0       18.0       16.0       2.0        50.0       310.0      311.0      10.0
C56        c          43.0       10.0       17.0       4.0        13.0       30.0       165.0      238.0      10.0
C67        c          67.0       33.0       14.0       7.0        7.0        40.0       210.0      264.0      10.0
C71        c          29.0       42.0       30.0       21.0       9.0        30.0       176.0      188.0      10.0
C75        c          55.0       16.0       12.0       3.0        9.0        35.0       209.0      285.0      10.0
C76        c          45.0       48.0       7.0        7.0        0.0        20.0       237.0      243.0      10.0
C77        c          66.0       45.0       7.0        5.0        2.0        50.0       137.0      313.0      10.0
C84        c          39.0       27.0       8.0        6.0        2.0        35.0       219.0      235.0      10.0
C87        c          31.0       5.0        20.0       3.0        17.0       40.0       153.0      282.0      10.0
C93        c          44.0       8.0        20.0       4.0        16.0       50.0       159.0      283.0      10.0
C97        c          35.0       70.0       25.0       12.0       13.0       25.0       179.0      266.0      10.0

L Large vehicle loading capacity /800.0/
C Electric vehicle loading capacity /100.0/
Q Electric vehicle battery capacity /65.5/
r Fuel consumption rate /1.0/
g Inverse refueling rate /0.5/
v Average velocity /1.0/
