StringID   Type       x          y          demand     DeliveryDemand  PickupDemand  DivisionRate ReadyTime  DueDate    ServiceTime
D0         d          50.0       150.0      0.0        0.0        0.0        0.0        0.0        9999.0     0.0
S1         s          50.0       25.0       0.0        0.0        0.0        0.0        0.0        9999.0     0.0
S6         s          50.0       75.0       0.0        0.0        0.0        0.0        0.0        9999.0     0.0
F_sS1      f          50.0       25.0       0.0        0.0        0.0        0.0        0.0        9999.0     0.0
F_sS6      f          50.0       75.0       0.0        0.0        0.0        0.0        0.0        9999.0     0.0
F12        f          51.0       56.0       0.0        0.0        0.0        0.0        0.0        9999.0     0.0
F0         f          35.0       13.0       0.0        0.0        0.0        0.0        0.0        9999.0     0.0
F2         f          49.0       60.0       0.0        0.0        0.0        0.0        0.0        9999.0     0.0
F9         f          0.0        26.0       0.0        0.0        0.0        0.0        0.0        9999.0     0.0
C18        c          25.0       30.0       38.0       32.0       6.0        45.0       178.0      207.0      10.0
C21        c          45.0       28.0       28.0       17.0       11.0       20.0       249.0      271.0      10.0
C27        c          33.0       36.0       20.0       18.0       2.0        50.0       161.0      250.0      10.0
C28        c          62.0       43.0       24.0       17.0       7.0        35.0       169.0      211.0      10.0
C31        c          48.0       22.0       12.0       6.0        6.0        20.0       155.0      259.0      10.0
C33        c          18.0       51.0       22.0       8.0        14.0       50.0       261.0      298.0      10.0
C44        c          45.0       19.0       21.0       9.0        12.0       25.0       202.0      274.0      10.0
C46        c          2.0        48.0       12.0       0.0        12.0       35.0       129.0      281.0      10.0
C49        c          16.0       12.0       9.0        7.0        2.0        45.0       218.0      262.0      10.0
C51        c          23.0       39.0       1.0        1.0        0.0        40.0       144.0      183.0      10.0
C64        c          56.0       53.0       5.0        5.0        0.0        50.0       167.0      281.0      10.0
C87        c          14.0       41.0       21.0       7.0        14.0       20.0       216.0      303.0      10.0
C94        c          29.0       55.0       12.0       6.0        6.0        50.0       193.0      295.0      10.0
C96        c          13.0       14.0       15.0       14.0       1.0        20.0       228.0      290.0      10.0
C98        c          31.0       48.0       9.0        6.0        3.0        20.0       227.0      276.0      10.0

L Large vehicle loading capacity /800.0/
C Electric vehicle loading capacity /100.0/
Q Electric vehicle battery capacity /65.5/
r Fuel consumption rate /1.0/
g Inverse refueling rate /0.5/
v Average velocity /1.0/
