StringID   Type       x          y          demand     DeliveryDemand  PickupDemand  DivisionRate ReadyTime  DueDate    ServiceTime
D0         d          50.0       150.0      0.0        0.0        0.0        0.0        0.0        9999.0     0.0
S1         s          50.0       25.0       0.0        0.0        0.0        0.0        0.0        9999.0     0.0
S6         s          50.0       75.0       0.0        0.0        0.0        0.0        0.0        9999.0     0.0
F_sS1      f          50.0       25.0       0.0        0.0        0.0        0.0        0.0        9999.0     0.0
F_sS6      f          50.0       75.0       0.0        0.0        0.0        0.0        0.0        9999.0     0.0
F19        f          26.0       41.0       0.0        0.0        0.0        0.0        0.0        9999.0     0.0
F14        f          50.0       23.0       0.0        0.0        0.0        0.0        0.0        9999.0     0.0
F6         f          47.0       35.0       0.0        0.0        0.0        0.0        0.0        9999.0     0.0
F10        f          58.0       55.0       0.0        0.0        0.0        0.0        0.0        9999.0     0.0
C0         c          25.0       32.0       5.0        4.0        1.0        50.0       228.0      241.0      10.0
C2         c          25.0       38.0       28.0       18.0       10.0       20.0       159.0      305.0      10.0
C7         c          44.0       3.0        9.0        1.0        8.0        50.0       218.0      246.0      10.0
C8         c          67.0       35.0       13.0       7.0        6.0        40.0       229.0      270.0      10.0
C9         c          14.0       60.0       35.0       8.0        27.0       30.0       175.0      249.0      10.0
C15        c          53.0       31.0       1.0        1.0        0.0        35.0       279.0      306.0      10.0
C20        c          47.0       24.0       14.0       7.0        7.0        30.0       185.0      237.0      10.0
C33        c          15.0       45.0       22.0       7.0        15.0       30.0       276.0      327.0      10.0
C40        c          60.0       41.0       10.0       7.0        3.0        50.0       258.0      307.0      10.0
C56        c          47.0       24.0       12.0       6.0        6.0        40.0       174.0      297.0      10.0
C67        c          3.0        61.0       16.0       1.0        15.0       25.0       183.0      301.0      10.0
C82        c          28.0       48.0       1.0        1.0        0.0        35.0       165.0      314.0      10.0
C83        c          16.0       36.0       1.0        0.0        1.0        40.0       259.0      319.0      10.0
C90        c          29.0       49.0       17.0       10.0       7.0        30.0       131.0      227.0      10.0
C95        c          46.0       32.0       7.0        5.0        2.0        30.0       150.0      330.0      10.0

L Large vehicle loading capacity /800.0/
C Electric vehicle loading capacity /100.0/
Q Electric vehicle battery capacity /65.5/
r Fuel consumption rate /1.0/
g Inverse refueling rate /0.5/
v Average velocity /1.0/
