StringID   Type       x          y          demand     DeliveryDemand  PickupDemand  DivisionRate ReadyTime  DueDate    ServiceTime
D0         d          50.0       150.0      0.0        0.0        0.0        0.0        0.0        9999.0     0.0
S1         s          50.0       25.0       0.0        0.0        0.0        0.0        0.0        9999.0     0.0
S6         s          50.0       75.0       0.0        0.0        0.0        0.0        0.0        9999.0     0.0
F_sS1      f          50.0       25.0       0.0        0.0        0.0        0.0        0.0        9999.0     0.0
F_sS6      f          50.0       75.0       0.0        0.0        0.0        0.0        0.0        9999.0     0.0
F15        f          64.0       19.0       0.0        0.0        0.0        0.0        0.0        9999.0     0.0
F18        f          32.0       24.0       0.0        0.0        0.0        0.0        0.0        9999.0     0.0
F1         f          59.0       75.0       0.0        0.0        0.0        0.0        0.0        9999.0     0.0
F5         f          75.0       75.0       0.0        0.0        0.0        0.0        0.0        9999.0     0.0
C1         c          10.0       20.0       23.0       12.0       11.0       25.0       247.0      309.0      10.0
C4         c          30.0       19.0       22.0       14.0       8.0        35.0       126.0      288.0      10.0
C8         c          40.0       36.0       12.0       11.0       1.0        20.0       152.0      165.0      10.0
C26        c          14.0       43.0       12.0       4.0        8.0        50.0       152.0      306.0      10.0
C36        c          49.0       45.0       20.0       18.0       2.0        25.0       153.0      239.0      10.0
C46        c          51.0       67.0       16.0       12.0       4.0        20.0       150.0      167.0      10.0
C48        c          2.0        19.0       27.0       3.0        24.0       25.0       122.0      243.0      10.0
C49        c          47.0       73.0       28.0       18.0       10.0       35.0       302.0      312.0      10.0
C50        c          31.0       27.0       3.0        3.0        0.0        20.0       274.0      291.0      10.0
C56        c          40.0       16.0       22.0       9.0        13.0       45.0       141.0      208.0      10.0
C62        c          59.0       65.0       18.0       16.0       2.0        50.0       185.0      246.0      10.0
C70        c          5.0        20.0       20.0       5.0        15.0       35.0       259.0      266.0      10.0
C79        c          29.0       27.0       16.0       15.0       1.0        45.0       116.0      239.0      10.0
C81        c          17.0       31.0       1.0        1.0        0.0        40.0       214.0      220.0      10.0
C98        c          35.0       20.0       27.0       15.0       12.0       35.0       165.0      245.0      10.0

L Large vehicle loading capacity /800.0/
C Electric vehicle loading capacity /100.0/
Q Electric vehicle battery capacity /65.5/
r Fuel consumption rate /1.0/
g Inverse refueling rate /0.5/
v Average velocity /1.0/
