StringID   Type       x          y          demand     DeliveryDemand  PickupDemand  DivisionRate ReadyTime  DueDate    ServiceTime
D0         d          50.0       150.0      0.0        0.0        0.0        0.0        0.0        9999.0     0.0
S1         s          50.0       25.0       0.0        0.0        0.0        0.0        0.0        9999.0     0.0
S6         s          50.0       75.0       0.0        0.0        0.0        0.0        0.0        9999.0     0.0
F_sS1      f          50.0       25.0       0.0        0.0        0.0        0.0        0.0        9999.0     0.0
F_sS6      f          50.0       75.0       0.0        0.0        0.0        0.0        0.0        9999.0     0.0
F17        f          11.0       35.0       0.0        0.0        0.0        0.0        0.0        9999.0     0.0
F20        f          75.0       49.0       0.0        0.0        0.0        0.0        0.0        9999.0     0.0
F14        f          5.0        35.0       0.0        0.0        0.0        0.0        0.0        9999.0     0.0
F10        f          15.0       27.0       0.0        0.0        0.0        0.0        0.0        9999.0     0.0
C16        c          25.0       39.0       20.0       13.0       7.0        40.0       191.0      228.0      10.0
C18        c          44.0       25.0       5.0        3.0        2.0        45.0       214.0      265.0      10.0
C22        c          31.0       3.0        15.0       1.0        14.0       50.0       176.0      250.0      10.0
C24        c          54.0       52.0       19.0       18.0       1.0        20.0       223.0      270.0      10.0
C29        c          47.0       43.0       26.0       24.0       2.0        30.0       224.0      284.0      10.0
C34        c          32.0       43.0       4.0        3.0        1.0        40.0       174.0      273.0      10.0
C35        c          40.0       31.0       10.0       8.0        2.0        50.0       159.0      285.0      10.0
C38        c          34.0       33.0       21.0       20.0       1.0        30.0       188.0      226.0      10.0
C51        c          43.0       39.0       8.0        7.0        1.0        30.0       185.0      224.0      10.0
C60        c          9.0        43.0       7.0        1.0        6.0        20.0       318.0      321.0      10.0
C62        c          64.0       22.0       10.0       3.0        7.0        35.0       206.0      246.0      10.0
C75        c          42.0       29.0       9.0        6.0        3.0        30.0       144.0      237.0      10.0
C88        c          43.0       24.0       1.0        1.0        0.0        20.0       172.0      268.0      10.0
C89        c          34.0       28.0       1.0        1.0        0.0        30.0       167.0      278.0      10.0
C91        c          40.0       34.0       9.0        8.0        1.0        20.0       160.0      285.0      10.0

L Large vehicle loading capacity /800.0/
C Electric vehicle loading capacity /100.0/
Q Electric vehicle battery capacity /65.5/
r Fuel consumption rate /1.0/
g Inverse refueling rate /0.5/
v Average velocity /1.0/
