StringID   Type       x          y          demand     DeliveryDemand  PickupDemand  DivisionRate ReadyTime  DueDate    ServiceTime
D0         d          50.0       150.0      0.0        0.0        0.0        0.0        0.0        9999.0     0.0
S1         s          50.0       25.0       0.0        0.0        0.0        0.0        0.0        9999.0     0.0
S6         s          50.0       75.0       0.0        0.0        0.0        0.0        0.0        9999.0     0.0
F_sS1      f          50.0       25.0       0.0        0.0        0.0        0.0        0.0        9999.0     0.0
F_sS6      f          50.0       75.0       0.0        0.0        0.0        0.0        0.0        9999.0     0.0
F19        f          47.0       12.0       0.0        0.0        0.0        0.0        0.0        9999.0     0.0
F15        f          32.0       35.0       0.0        0.0        0.0        0.0        0.0        9999.0     0.0
F9         f          38.0       49.0       0.0        0.0        0.0        0.0        0.0        9999.0     0.0
F20        f          53.0       40.0       0.0        0.0        0.0        0.0        0.0        9999.0     0.0
C6         c          34.0       50.0       12.0       8.0        4.0        40.0       296.0      310.0      10.0
C7         c          50.0       56.0       4.0        4.0        0.0        25.0       178.0      292.0      10.0
C8         c          31.0       42.0       14.0       10.0       4.0        50.0       122.0      328.0      10.0
C13        c          26.0       45.0       25.0       14.0       11.0       35.0       248.0      254.0      10.0
C17        c          48.0       49.0       16.0       16.0       0.0        35.0       174.0      258.0      10.0
C24        c          29.0       44.0       10.0       7.0        3.0        20.0       155.0      213.0      10.0
C27        c          31.0       29.0       6.0        6.0        0.0        45.0       212.0      281.0      10.0
C38        c          28.0       77.0       25.0       9.0        16.0       45.0       266.0      317.0      10.0
C61        c          67.0       58.0       13.0       11.0       2.0        20.0       228.0      275.0      10.0
C71        c          21.0       3.0        7.0        1.0        6.0        20.0       286.0      316.0      10.0
C72        c          18.0       5.0        11.0       3.0        8.0        30.0       252.0      289.0      10.0
C78        c          25.0       17.0       30.0       20.0       10.0       30.0       185.0      211.0      10.0
C90        c          56.0       13.0       12.0       3.0        9.0        25.0       135.0      204.0      10.0
C92        c          62.0       6.0        20.0       2.0        18.0       40.0       173.0      195.0      10.0
C95        c          67.0       52.0       7.0        5.0        2.0        50.0       273.0      299.0      10.0

L Large vehicle loading capacity /800.0/
C Electric vehicle loading capacity /100.0/
Q Electric vehicle battery capacity /65.5/
r Fuel consumption rate /1.0/
g Inverse refueling rate /0.5/
v Average velocity /1.0/
