StringID   Type       x          y          demand     DeliveryDemand  PickupDemand  DivisionRate ReadyTime  DueDate    ServiceTime
D0         d          50.0       150.0      0.0        0.0        0.0        0.0        0.0        9999.0     0.0
S1         s          50.0       25.0       0.0        0.0        0.0        0.0        0.0        9999.0     0.0
S6         s          50.0       75.0       0.0        0.0        0.0        0.0        0.0        9999.0     0.0
F_sS1      f          50.0       25.0       0.0        0.0        0.0        0.0        0.0        9999.0     0.0
F_sS6      f          50.0       75.0       0.0        0.0        0.0        0.0        0.0        9999.0     0.0
F9         f          64.0       12.0       0.0        0.0        0.0        0.0        0.0        9999.0     0.0
F1         f          75.0       58.0       0.0        0.0        0.0        0.0        0.0        9999.0     0.0
F3         f          66.0       65.0       0.0        0.0        0.0        0.0        0.0        9999.0     0.0
F13        f          25.0       66.0       0.0        0.0        0.0        0.0        0.0        9999.0     0.0
C6         c          8.0        57.0       18.0       3.0        15.0       50.0       187.0      201.0      10.0
C8         c          27.0       8.0        25.0       7.0        18.0       35.0       164.0      228.0      10.0
C30        c          65.0       75.0       6.0        5.0        1.0        40.0       237.0      303.0      10.0
C31        c          34.0       35.0       36.0       35.0       1.0        30.0       170.0      282.0      10.0
C33        c          21.0       15.0       6.0        4.0        2.0        25.0       179.0      292.0      10.0
C37        c          67.0       12.0       3.0        1.0        2.0        35.0       160.0      191.0      10.0
C48        c          53.0       35.0       10.0       7.0        3.0        35.0       279.0      312.0      10.0
C56        c          28.0       55.0       16.0       8.0        8.0        20.0       170.0      261.0      10.0
C57        c          55.0       3.0        23.0       1.0        22.0       30.0       207.0      326.0      10.0
C66        c          28.0       18.0       14.0       9.0        5.0        35.0       128.0      321.0      10.0
C74        c          51.0       47.0       24.0       22.0       2.0        25.0       192.0      198.0      10.0
C84        c          10.0       50.0       6.0        1.0        5.0        45.0       150.0      320.0      10.0
C89        c          60.0       73.0       11.0       9.0        2.0        30.0       227.0      294.0      10.0
C96        c          33.0       66.0       15.0       8.0        7.0        25.0       233.0      256.0      10.0
C97        c          42.0       22.0       3.0        2.0        1.0        25.0       120.0      312.0      10.0

L Large vehicle loading capacity /800.0/
C Electric vehicle loading capacity /100.0/
Q Electric vehicle battery capacity /65.5/
r Fuel consumption rate /1.0/
g Inverse refueling rate /0.5/
v Average velocity /1.0/
