StringID   Type       x          y          demand     DeliveryDemand  PickupDemand  DivisionRate ReadyTime  DueDate    ServiceTime
D0         d          50.0       150.0      0.0        0.0        0.0        0.0        0.0        9999.0     0.0
S1         s          50.0       25.0       0.0        0.0        0.0        0.0        0.0        9999.0     0.0
S6         s          50.0       75.0       0.0        0.0        0.0        0.0        0.0        9999.0     0.0
F_sS1      f          50.0       25.0       0.0        0.0        0.0        0.0        0.0        9999.0     0.0
F_sS6      f          50.0       75.0       0.0        0.0        0.0        0.0        0.0        9999.0     0.0
F20        f          14.0       30.0       0.0        0.0        0.0        0.0        0.0        9999.0     0.0
F12        f          60.0       31.0       0.0        0.0        0.0        0.0        0.0        9999.0     0.0
F9         f          41.0       57.0       0.0        0.0        0.0        0.0        0.0        9999.0     0.0
F18        f          28.0       57.0       0.0        0.0        0.0        0.0        0.0        9999.0     0.0
C0         c          9.0        36.0       23.0       6.0        17.0       20.0       264.0      300.0      10.0
C16        c          29.0       19.0       36.0       24.0       12.0       45.0       156.0      246.0      10.0
C29        c          59.0       45.0       7.0        5.0        2.0        50.0       146.0      236.0      10.0
C39        c          58.0       22.0       18.0       7.0        11.0       35.0       213.0      280.0      10.0
C43        c          32.0       36.0       26.0       23.0       3.0        25.0       271.0      324.0      10.0
C56        c          26.0       60.0       27.0       12.0       15.0       35.0       184.0      206.0      10.0
C58        c          22.0       45.0       11.0       5.0        6.0        30.0       216.0      294.0      10.0
C60        c          55.0       32.0       22.0       13.0       9.0        30.0       247.0      273.0      10.0
C68        c          34.0       55.0       12.0       7.0        5.0        45.0       243.0      289.0      10.0
C79        c          43.0       22.0       19.0       10.0       9.0        35.0       207.0      314.0      10.0
C83        c          29.0       3.0        22.0       2.0        20.0       25.0       141.0      309.0      10.0
C86        c          2.0        73.0       3.0        0.0        3.0        35.0       229.0      313.0      10.0
C87        c          26.0       77.0       18.0       6.0        12.0       45.0       219.0      328.0      10.0
C94        c          30.0       28.0       20.0       19.0       1.0        30.0       254.0      305.0      10.0
C96        c          17.0       10.0       6.0        4.0        2.0        20.0       157.0      299.0      10.0

L Large vehicle loading capacity /800.0/
C Electric vehicle loading capacity /100.0/
Q Electric vehicle battery capacity /65.5/
r Fuel consumption rate /1.0/
g Inverse refueling rate /0.5/
v Average velocity /1.0/
