StringID   Type       x          y          demand     DeliveryDemand  PickupDemand  DivisionRate ReadyTime  DueDate    ServiceTime
D0         d          50.0       150.0      0.0        0.0        0.0        0.0        0.0        9999.0     0.0
S1         s          50.0       25.0       0.0        0.0        0.0        0.0        0.0        9999.0     0.0
S6         s          50.0       75.0       0.0        0.0        0.0        0.0        0.0        9999.0     0.0
F_sS1      f          50.0       25.0       0.0        0.0        0.0        0.0        0.0        9999.0     0.0
F_sS6      f          50.0       75.0       0.0        0.0        0.0        0.0        0.0        9999.0     0.0
F2         f          47.0       11.0       0.0        0.0        0.0        0.0        0.0        9999.0     0.0
F0         f          46.0       51.0       0.0        0.0        0.0        0.0        0.0        9999.0     0.0
F3         f          53.0       19.0       0.0        0.0        0.0        0.0        0.0        9999.0     0.0
F20        f          55.0       12.0       0.0        0.0        0.0        0.0        0.0        9999.0     0.0
C0         c          63.0       35.0       1.0        1.0        0.0        40.0       143.0      195.0      10.0
C2         c          30.0       35.0       3.0        3.0        0.0        45.0       268.0      283.0      10.0
C11        c          45.0       23.0       13.0       7.0        6.0        45.0       234.0      247.0      10.0
C14        c          27.0       57.0       1.0        0.0        1.0        20.0       156.0      232.0      10.0
C32        c          17.0       57.0       24.0       7.0        17.0       50.0       120.0      202.0      10.0
C37        c          39.0       29.0       14.0       10.0       4.0        50.0       235.0      292.0      10.0
C44        c          46.0       17.0       16.0       6.0        10.0       45.0       156.0      169.0      10.0
C45        c          20.0       48.0       16.0       7.0        9.0        30.0       211.0      259.0      10.0
C56        c          34.0       18.0       11.0       6.0        5.0        40.0       191.0      212.0      10.0
C72        c          56.0       12.0       22.0       5.0        17.0       20.0       193.0      268.0      10.0
C84        c          21.0       38.0       13.0       7.0        6.0        40.0       137.0      246.0      10.0
C85        c          42.0       18.0       8.0        3.0        5.0        40.0       169.0      313.0      10.0
C87        c          58.0       36.0       7.0        4.0        3.0        30.0       150.0      209.0      10.0
C88        c          35.0       32.0       9.0        8.0        1.0        25.0       152.0      172.0      10.0
C97        c          39.0       31.0       26.0       21.0       5.0        35.0       261.0      281.0      10.0

L Large vehicle loading capacity /800.0/
C Electric vehicle loading capacity /100.0/
Q Electric vehicle battery capacity /65.5/
r Fuel consumption rate /1.0/
g Inverse refueling rate /0.5/
v Average velocity /1.0/
