StringID   Type       x          y          demand     DeliveryDemand  PickupDemand  DivisionRate ReadyTime  DueDate    ServiceTime
D0         d          50.0       150.0      0.0        0.0        0.0        0.0        0.0        9999.0     0.0
S1         s          50.0       25.0       0.0        0.0        0.0        0.0        0.0        9999.0     0.0
S6         s          50.0       75.0       0.0        0.0        0.0        0.0        0.0        9999.0     0.0
F_sS1      f          50.0       25.0       0.0        0.0        0.0        0.0        0.0        9999.0     0.0
F_sS6      f          50.0       75.0       0.0        0.0        0.0        0.0        0.0        9999.0     0.0
F0         f          48.0       9.0        0.0        0.0        0.0        0.0        0.0        9999.0     0.0
F11        f          10.0       49.0       0.0        0.0        0.0        0.0        0.0        9999.0     0.0
F8         f          27.0       23.0       0.0        0.0        0.0        0.0        0.0        9999.0     0.0
F14        f          30.0       21.0       0.0        0.0        0.0        0.0        0.0        9999.0     0.0
C5         c          43.0       38.0       13.0       11.0       2.0        35.0       161.0      194.0      10.0
C11        c          4.0        32.0       32.0       4.0        28.0       45.0       146.0      224.0      10.0
C28        c          21.0       45.0       4.0        2.0        2.0        20.0       152.0      284.0      10.0
C40        c          26.0       39.0       24.0       16.0       8.0        35.0       165.0      227.0      10.0
C55        c          33.0       7.0        3.0        1.0        2.0        35.0       167.0      329.0      10.0
C57        c          47.0       43.0       12.0       11.0       1.0        30.0       176.0      240.0      10.0
C62        c          41.0       77.0       17.0       9.0        8.0        40.0       134.0      232.0      10.0
C63        c          30.0       26.0       17.0       15.0       2.0        20.0       164.0      180.0      10.0
C70        c          43.0       4.0        6.0        1.0        5.0        25.0       126.0      174.0      10.0
C78        c          32.0       49.0       17.0       11.0       6.0        35.0       236.0      328.0      10.0
C80        c          57.0       47.0       17.0       14.0       3.0        40.0       143.0      314.0      10.0
C86        c          32.0       22.0       12.0       8.0        4.0        25.0       159.0      164.0      10.0
C89        c          8.0        3.0        23.0       9.0        14.0       45.0       169.0      245.0      10.0
C94        c          36.0       32.0       16.0       14.0       2.0        50.0       182.0      315.0      10.0
C97        c          47.0       46.0       11.0       11.0       0.0        20.0       215.0      255.0      10.0

L Large vehicle loading capacity /800.0/
C Electric vehicle loading capacity /100.0/
Q Electric vehicle battery capacity /65.5/
r Fuel consumption rate /1.0/
g Inverse refueling rate /0.5/
v Average velocity /1.0/
