StringID   Type       x          y          demand     DeliveryDemand  PickupDemand  DivisionRate ReadyTime  DueDate    ServiceTime
D0         d          50.0       150.0      0.0        0.0        0.0        0.0        0.0        9999.0     0.0
S1         s          50.0       25.0       0.0        0.0        0.0        0.0        0.0        9999.0     0.0
S6         s          50.0       75.0       0.0        0.0        0.0        0.0        0.0        9999.0     0.0
F_sS1      f          50.0       25.0       0.0        0.0        0.0        0.0        0.0        9999.0     0.0
F_sS6      f          50.0       75.0       0.0        0.0        0.0        0.0        0.0        9999.0     0.0
F3         f          56.0       47.0       0.0        0.0        0.0        0.0        0.0        9999.0     0.0
F20        f          1.0        25.0       0.0        0.0        0.0        0.0        0.0        9999.0     0.0
F11        f          11.0       34.0       0.0        0.0        0.0        0.0        0.0        9999.0     0.0
F8         f          0.0        48.0       0.0        0.0        0.0        0.0        0.0        9999.0     0.0
C4         c          2.0        57.0       18.0       1.0        17.0       20.0       209.0      308.0      10.0
C10        c          26.0       30.0       20.0       17.0       3.0        20.0       259.0      331.0      10.0
C14        c          28.0       10.0       14.0       5.0        9.0        20.0       263.0      326.0      10.0
C16        c          41.0       27.0       18.0       12.0       6.0        50.0       206.0      257.0      10.0
C18        c          2.0        37.0       3.0        0.0        3.0        45.0       234.0      246.0      10.0
C29        c          39.0       58.0       15.0       10.0       5.0        40.0       152.0      230.0      10.0
C36        c          42.0       46.0       13.0       12.0       1.0        20.0       187.0      225.0      10.0
C45        c          12.0       67.0       1.0        0.0        1.0        30.0       173.0      293.0      10.0
C47        c          29.0       59.0       26.0       13.0       13.0       45.0       130.0      181.0      10.0
C54        c          55.0       49.0       11.0       10.0       1.0        50.0       240.0      251.0      10.0
C72        c          12.0       41.0       27.0       8.0        19.0       45.0       250.0      283.0      10.0
C75        c          43.0       45.0       13.0       12.0       1.0        45.0       285.0      294.0      10.0
C81        c          26.0       40.0       22.0       14.0       8.0        30.0       182.0      246.0      10.0
C86        c          2.0        15.0       10.0       1.0        9.0        45.0       163.0      234.0      10.0
C98        c          19.0       22.0       6.0        5.0        1.0        50.0       252.0      278.0      10.0

L Large vehicle loading capacity /800.0/
C Electric vehicle loading capacity /100.0/
Q Electric vehicle battery capacity /65.5/
r Fuel consumption rate /1.0/
g Inverse refueling rate /0.5/
v Average velocity /1.0/
