StringID   Type       x          y          demand     DeliveryDemand  PickupDemand  DivisionRate ReadyTime  DueDate    ServiceTime
D0         d          50.0       150.0      0.0        0.0        0.0        0.0        0.0        9999.0     0.0
S1         s          50.0       25.0       0.0        0.0        0.0        0.0        0.0        9999.0     0.0
S6         s          50.0       75.0       0.0        0.0        0.0        0.0        0.0        9999.0     0.0
F_sS1      f          50.0       25.0       0.0        0.0        0.0        0.0        0.0        9999.0     0.0
F_sS6      f          50.0       75.0       0.0        0.0        0.0        0.0        0.0        9999.0     0.0
F1         f          51.0       57.0       0.0        0.0        0.0        0.0        0.0        9999.0     0.0
F12        f          15.0       16.0       0.0        0.0        0.0        0.0        0.0        9999.0     0.0
F6         f          57.0       35.0       0.0        0.0        0.0        0.0        0.0        9999.0     0.0
F4         f          35.0       61.0       0.0        0.0        0.0        0.0        0.0        9999.0     0.0
C7         c          19.0       3.0        14.0       2.0        12.0       45.0       252.0      311.0      10.0
C12        c          31.0       54.0       1.0        1.0        0.0        20.0       282.0      303.0      10.0
C15        c          53.0       68.0       23.0       18.0       5.0        35.0       308.0      314.0      10.0
C20        c          26.0       3.0        20.0       2.0        18.0       20.0       170.0      194.0      10.0
C34        c          46.0       68.0       9.0        6.0        3.0        35.0       232.0      280.0      10.0
C59        c          39.0       24.0       28.0       17.0       11.0       40.0       286.0      301.0      10.0
C60        c          39.0       77.0       24.0       12.0       12.0       25.0       165.0      191.0      10.0
C69        c          18.0       21.0       11.0       9.0        2.0        40.0       172.0      228.0      10.0
C70        c          34.0       29.0       17.0       14.0       3.0        30.0       155.0      270.0      10.0
C73        c          44.0       39.0       14.0       12.0       2.0        40.0       134.0      216.0      10.0
C77        c          61.0       23.0       1.0        0.0        1.0        25.0       157.0      188.0      10.0
C81        c          50.0       30.0       30.0       18.0       12.0       35.0       255.0      281.0      10.0
C87        c          34.0       40.0       15.0       13.0       2.0        50.0       228.0      232.0      10.0
C91        c          51.0       3.0        25.0       1.0        24.0       35.0       159.0      281.0      10.0
C92        c          4.0        36.0       9.0        1.0        8.0        30.0       153.0      252.0      10.0

L Large vehicle loading capacity /800.0/
C Electric vehicle loading capacity /100.0/
Q Electric vehicle battery capacity /65.5/
r Fuel consumption rate /1.0/
g Inverse refueling rate /0.5/
v Average velocity /1.0/
