StringID   Type       x          y          demand     DeliveryDemand  PickupDemand  DivisionRate ReadyTime  DueDate    ServiceTime
D0         d          50.0       150.0      0.0        0.0        0.0        0.0        0.0        9999.0     0.0
S1         s          50.0       25.0       0.0        0.0        0.0        0.0        0.0        9999.0     0.0
S6         s          50.0       75.0       0.0        0.0        0.0        0.0        0.0        9999.0     0.0
F_sS1      f          50.0       25.0       0.0        0.0        0.0        0.0        0.0        9999.0     0.0
F_sS6      f          50.0       75.0       0.0        0.0        0.0        0.0        0.0        9999.0     0.0
F16        f          25.0       36.0       0.0        0.0        0.0        0.0        0.0        9999.0     0.0
F12        f          54.0       21.0       0.0        0.0        0.0        0.0        0.0        9999.0     0.0
F5         f          15.0       7.0        0.0        0.0        0.0        0.0        0.0        9999.0     0.0
F20        f          22.0       26.0       0.0        0.0        0.0        0.0        0.0        9999.0     0.0
C0         c          67.0       64.0       1.0        1.0        0.0        40.0       175.0      307.0      10.0
C4         c          2.0        52.0       13.0       0.0        13.0       30.0       126.0      272.0      10.0
C8         c          63.0       50.0       24.0       19.0       5.0        50.0       141.0      284.0      10.0
C12        c          14.0       52.0       31.0       8.0        23.0       20.0       233.0      236.0      10.0
C14        c          40.0       33.0       1.0        1.0        0.0        25.0       228.0      306.0      10.0
C19        c          38.0       37.0       4.0        4.0        0.0        50.0       192.0      273.0      10.0
C25        c          63.0       20.0       20.0       6.0        14.0       30.0       286.0      311.0      10.0
C30        c          31.0       8.0        15.0       4.0        11.0       35.0       183.0      251.0      10.0
C37        c          3.0        20.0       15.0       2.0        13.0       20.0       167.0      251.0      10.0
C38        c          22.0       69.0       20.0       6.0        14.0       45.0       204.0      225.0      10.0
C50        c          53.0       6.0        7.0        1.0        6.0        25.0       177.0      305.0      10.0
C54        c          18.0       16.0       23.0       20.0       3.0        40.0       183.0      312.0      10.0
C74        c          31.0       35.0       1.0        1.0        0.0        20.0       147.0      278.0      10.0
C77        c          67.0       43.0       10.0       6.0        4.0        35.0       152.0      196.0      10.0
C78        c          2.0        42.0       19.0       1.0        18.0       40.0       164.0      192.0      10.0

L Large vehicle loading capacity /800.0/
C Electric vehicle loading capacity /100.0/
Q Electric vehicle battery capacity /65.5/
r Fuel consumption rate /1.0/
g Inverse refueling rate /0.5/
v Average velocity /1.0/
