StringID   Type       x          y          demand     DeliveryDemand  PickupDemand  DivisionRate ReadyTime  DueDate    ServiceTime
D0         d          50.0       150.0      0.0        0.0        0.0        0.0        0.0        9999.0     0.0
S1         s          50.0       25.0       0.0        0.0        0.0        0.0        0.0        9999.0     0.0
S6         s          50.0       75.0       0.0        0.0        0.0        0.0        0.0        9999.0     0.0
F_sS1      f          50.0       25.0       0.0        0.0        0.0        0.0        0.0        9999.0     0.0
F_sS6      f          50.0       75.0       0.0        0.0        0.0        0.0        0.0        9999.0     0.0
F4         f          26.0       28.0       0.0        0.0        0.0        0.0        0.0        9999.0     0.0
F8         f          25.0       9.0        0.0        0.0        0.0        0.0        0.0        9999.0     0.0
F7         f          21.0       43.0       0.0        0.0        0.0        0.0        0.0        9999.0     0.0
F11        f          65.0       35.0       0.0        0.0        0.0        0.0        0.0        9999.0     0.0
C0         c          56.0       45.0       19.0       15.0       4.0        30.0       270.0      301.0      10.0
C1         c          32.0       67.0       25.0       12.0       13.0       45.0       155.0      195.0      10.0
C14        c          59.0       3.0        1.0        0.0        1.0        45.0       238.0      324.0      10.0
C17        c          12.0       70.0       13.0       2.0        11.0       50.0       148.0      295.0      10.0
C27        c          48.0       43.0       34.0       30.0       4.0        25.0       203.0      236.0      10.0
C35        c          45.0       37.0       29.0       24.0       5.0        35.0       162.0      257.0      10.0
C54        c          20.0       3.0        10.0       2.0        8.0        40.0       261.0      261.0      10.0
C57        c          32.0       28.0       10.0       9.0        1.0        30.0       211.0      275.0      10.0
C58        c          62.0       55.0       18.0       16.0       2.0        20.0       261.0      283.0      10.0
C59        c          40.0       33.0       21.0       17.0       4.0        35.0       211.0      257.0      10.0
C61        c          24.0       18.0       6.0        4.0        2.0        40.0       123.0      181.0      10.0
C64        c          24.0       25.0       26.0       25.0       1.0        40.0       226.0      287.0      10.0
C72        c          58.0       59.0       16.0       16.0       0.0        25.0       241.0      315.0      10.0
C86        c          64.0       31.0       17.0       8.0        9.0        25.0       157.0      251.0      10.0
C94        c          8.0        42.0       7.0        1.0        6.0        35.0       174.0      223.0      10.0

L Large vehicle loading capacity /800.0/
C Electric vehicle loading capacity /100.0/
Q Electric vehicle battery capacity /65.5/
r Fuel consumption rate /1.0/
g Inverse refueling rate /0.5/
v Average velocity /1.0/
