StringID   Type       x          y          demand     DeliveryDemand  PickupDemand  DivisionRate ReadyTime  DueDate    ServiceTime
D0         d          50.0       150.0      0.0        0.0             0.0           0            0.0        9999.0     0.0         
S0         s          50.0       75.0       0.0        0.0             0.0           0            0.0        9999.0     0.0         
S1         s          50.0       25.0       0.0        0.0             0.0           0            0.0        9999.0     0.0         
F0         f          50.0       75.0       0.0        0.0             0.0           0            0.0        9999.0     0.0         
F1         f          50.0       25.0       0.0        0.0             0.0           0            0.0        9999.0     0.0         
F2         f          15.0       42.0       0.0        0.0             0.0           0            0.0        9999.0     0.0         
F3         f          21.0       22.0       0.0        0.0             0.0           0            0.0        9999.0     0.0         
F4         f          34.0       16.0       0.0        0.0             0.0           0            0.0        9999.0     0.0         
F5         f          64.0       19.0       0.0        0.0             0.0           0            0.0        9999.0     0.0         
F6         f          28.0       62.0       0.0        0.0             0.0           0            0.0        9999.0     0.0         
C0         c          57.0       48.0       23.0       19.0            4.0           20           116.0      1080.0     10.0        
C1         c          11.0       14.0       18.0       14.0            4.0           20           158.0      294.0      10.0        
C2         c          55.0       5.0        29.0       3.0             26.0          50           169.0      349.0      10.0        
C3         c          5.0        5.0        16.0       16.0            0.0           35           116.0      1063.0     10.0        
C4         c          65.0       20.0       6.0        2.0             4.0           20           534.0      648.0      10.0        
C5         c          42.0       7.0        5.0        1.0             4.0           30           898.0      1028.0     10.0        
C6         c          37.0       56.0       5.0        3.0             2.0           20           116.0      1084.0     10.0        
C7         c          16.0       22.0       41.0       30.0            11.0          35           668.0      860.0      10.0        
C8         c          28.0       18.0       26.0       17.0            9.0           25           646.0      684.0      10.0        
C9         c          2.0        48.0       1.0        0.0             1.0           25           162.0      298.0      10.0        
C10        c          12.0       24.0       13.0       7.0             6.0           35           445.0      667.0      10.0        
C11        c          13.0       52.0       36.0       9.0             27.0          40           534.0      674.0      10.0        
C12        c          24.0       12.0       5.0        3.0             2.0           45           116.0      1080.0     10.0        
C13        c          47.0       16.0       25.0       9.0             16.0          20           220.0      368.0      10.0        
C14        c          20.0       65.0       12.0       4.0             8.0           25           116.0      1072.0     10.0        

L Large vehicle loading capacity /2000.0/
C Electric vehicle loading capacity /250.0/
Q Electric vehicle battery capacity /60.63/
r Fuel consumption rate /1.0/
g Inverse refueling rate /0.49/
v Average velocity /1.0/
