StringID   Type       x          y          demand     DeliveryDemand  PickupDemand  DivisionRate ReadyTime  DueDate    ServiceTime
D0         d          50.0       150.0      0.0        0.0             0.0           0            0.0        9999.0     0.0         
S0         s          50.0       75.0       0.0        0.0             0.0           0            0.0        9999.0     0.0         
S1         s          50.0       25.0       0.0        0.0             0.0           0            0.0        9999.0     0.0         
F0         f          50.0       75.0       0.0        0.0             0.0           0            0.0        9999.0     0.0         
F1         f          50.0       25.0       0.0        0.0             0.0           0            0.0        9999.0     0.0         
F2         f          48.0       60.0       0.0        0.0             0.0           0            0.0        9999.0     0.0         
F3         f          20.0       61.0       0.0        0.0             0.0           0            0.0        9999.0     0.0         
F4         f          21.0       22.0       0.0        0.0             0.0           0            0.0        9999.0     0.0         
F5         f          64.0       37.0       0.0        0.0             0.0           0            0.0        9999.0     0.0         
C0         c          8.0        56.0       27.0       4.0             23.0          40           487.0      935.0      10.0        
C1         c          28.0       18.0       26.0       17.0            9.0           35           651.0      679.0      10.0        
C2         c          55.0       60.0       16.0       15.0            1.0           20           511.0      951.0      10.0        
C3         c          26.0       52.0       9.0        5.0             4.0           20           281.0      733.0      10.0        
C4         c          2.0        48.0       1.0        0.0             1.0           45           162.0      576.0      10.0        
C5         c          35.0       40.0       16.0       14.0            2.0           45           213.0      795.0      10.0        
C6         c          30.0       60.0       16.0       8.0             8.0           40           605.0      903.0      10.0        
C7         c          37.0       56.0       5.0        3.0             2.0           45           138.0      402.0      10.0        
C8         c          40.0       60.0       21.0       14.0            7.0           35           538.0      842.0      10.0        
C9         c          15.0       30.0       26.0       13.0            13.0          25           137.0      651.0      10.0        
C10        c          45.0       10.0       18.0       4.0             14.0          30           723.0      1079.0     10.0        
C11        c          57.0       48.0       23.0       19.0            4.0           35           142.0      505.0      10.0        
C12        c          55.0       20.0       19.0       7.0             12.0          30           817.0      999.0      10.0        
C13        c          27.0       69.0       10.0       4.0             6.0           30           476.0      1006.0     10.0        
C14        c          65.0       55.0       14.0       12.0            2.0           35           232.0      618.0      10.0        

L Large vehicle loading capacity /2000.0/
C Electric vehicle loading capacity /250.0/
Q Electric vehicle battery capacity /60.63/
r Fuel consumption rate /1.0/
g Inverse refueling rate /0.49/
v Average velocity /1.0/
