StringID   Type       x          y          demand     DeliveryDemand  PickupDemand  DivisionRate ReadyTime  DueDate    ServiceTime
D0         d          50.0       150.0      0.0        0.0        0.0        0.0        0.0        9999.0     0.0
S1         s          50.0       25.0       0.0        0.0        0.0        0.0        0.0        9999.0     0.0
S6         s          50.0       75.0       0.0        0.0        0.0        0.0        0.0        9999.0     0.0
F_sS1      f          50.0       25.0       0.0        0.0        0.0        0.0        0.0        9999.0     0.0
F_sS6      f          50.0       75.0       0.0        0.0        0.0        0.0        0.0        9999.0     0.0
F12        f          7.0        42.0       0.0        0.0        0.0        0.0        0.0        9999.0     0.0
F14        f          53.0       72.0       0.0        0.0        0.0        0.0        0.0        9999.0     0.0
F6         f          41.0       50.0       0.0        0.0        0.0        0.0        0.0        9999.0     0.0
F3         f          73.0       46.0       0.0        0.0        0.0        0.0        0.0        9999.0     0.0
C2         c          22.0       55.0       17.0       7.0        10.0       50.0       264.0      974.0      10.0
C6         c          23.0       38.0       26.0       16.0       10.0       30.0       208.0      420.0      10.0
C11        c          37.0       38.0       24.0       23.0       1.0        20.0       601.0      1071.0     10.0
C17        c          35.0       65.0       17.0       9.0        8.0        30.0       627.0      645.0      10.0
C26        c          67.0       26.0       15.0       6.0        9.0        20.0       287.0      345.0      10.0
C29        c          20.0       18.0       8.0        7.0        1.0        30.0       565.0      886.0      10.0
C40        c          24.0       63.0       28.0       11.0       17.0       45.0       732.0      817.0      10.0
C41        c          59.0       40.0       25.0       17.0       8.0        40.0       476.0      568.0      10.0
C49        c          40.0       17.0       20.0       8.0        12.0       45.0       913.0      1046.0     10.0
C63        c          18.0       30.0       8.0        5.0        3.0        45.0       348.0      780.0      10.0
C64        c          50.0       28.0       14.0       8.0        6.0        40.0       569.0      877.0      10.0
C73        c          51.0       42.0       13.0       11.0       2.0        30.0       883.0      988.0      10.0
C78        c          22.0       35.0       9.0        6.0        3.0        40.0       682.0      930.0      10.0
C96        c          40.0       43.0       8.0        7.0        1.0        25.0       360.0      535.0      10.0
C97        c          13.0       57.0       2.0        0.0        2.0        45.0       872.0      940.0      10.0

L Large vehicle loading capacity /2000.0/
C Electric vehicle loading capacity /250.0/
Q Electric vehicle battery capacity /267.2/
r Fuel consumption rate /1.0/
g Inverse refueling rate /0.1/
v Average velocity /1.0/
