StringID   Type       x          y          demand     DeliveryDemand  PickupDemand  DivisionRate ReadyTime  DueDate    ServiceTime
D0         d          50.0       150.0      0.0        0.0        0.0        0.0        0.0        9999.0     0.0
S1         s          50.0       25.0       0.0        0.0        0.0        0.0        0.0        9999.0     0.0
S6         s          50.0       75.0       0.0        0.0        0.0        0.0        0.0        9999.0     0.0
F_sS1      f          50.0       25.0       0.0        0.0        0.0        0.0        0.0        9999.0     0.0
F_sS6      f          50.0       75.0       0.0        0.0        0.0        0.0        0.0        9999.0     0.0
F19        f          71.0       22.0       0.0        0.0        0.0        0.0        0.0        9999.0     0.0
F17        f          21.0       26.0       0.0        0.0        0.0        0.0        0.0        9999.0     0.0
F5         f          34.0       62.0       0.0        0.0        0.0        0.0        0.0        9999.0     0.0
F6         f          8.0        5.0        0.0        0.0        0.0        0.0        0.0        9999.0     0.0
C5         c          61.0       23.0       8.0        3.0        5.0        20.0       157.0      371.0      10.0
C21        c          30.0       16.0       9.0        5.0        4.0        45.0       294.0      549.0      10.0
C27        c          14.0       30.0       18.0       8.0        10.0       30.0       390.0      808.0      10.0
C49        c          10.0       13.0       1.0        1.0        0.0        45.0       453.0      754.0      10.0
C50        c          29.0       18.0       21.0       13.0       8.0        25.0       307.0      757.0      10.0
C53        c          66.0       58.0       30.0       26.0       4.0        45.0       507.0      673.0      10.0
C57        c          39.0       51.0       41.0       31.0       10.0       50.0       557.0      573.0      10.0
C64        c          60.0       29.0       22.0       11.0       11.0       40.0       422.0      1019.0     10.0
C67        c          28.0       12.0       10.0       4.0        6.0        35.0       204.0      615.0      10.0
C73        c          35.0       22.0       4.0        3.0        1.0        40.0       777.0      971.0      10.0
C77        c          23.0       67.0       14.0       5.0        9.0        40.0       527.0      823.0      10.0
C80        c          31.0       34.0       12.0       11.0       1.0        45.0       576.0      866.0      10.0
C81        c          43.0       28.0       23.0       15.0       8.0        30.0       801.0      1095.0     10.0
C86        c          42.0       25.0       9.0        5.0        4.0        30.0       393.0      1069.0     10.0
C89        c          11.0       59.0       27.0       5.0        22.0       45.0       501.0      728.0      10.0

L Large vehicle loading capacity /2000.0/
C Electric vehicle loading capacity /250.0/
Q Electric vehicle battery capacity /267.2/
r Fuel consumption rate /1.0/
g Inverse refueling rate /0.1/
v Average velocity /1.0/
