StringID   Type       x          y          demand     DeliveryDemand  PickupDemand  DivisionRate ReadyTime  DueDate    ServiceTime
D0         d          50.0       150.0      0.0        0.0        0.0        0.0        0.0        9999.0     0.0
S1         s          50.0       25.0       0.0        0.0        0.0        0.0        0.0        9999.0     0.0
S6         s          50.0       75.0       0.0        0.0        0.0        0.0        0.0        9999.0     0.0
F_sS1      f          50.0       25.0       0.0        0.0        0.0        0.0        0.0        9999.0     0.0
F_sS6      f          50.0       75.0       0.0        0.0        0.0        0.0        0.0        9999.0     0.0
F12        f          47.0       67.0       0.0        0.0        0.0        0.0        0.0        9999.0     0.0
F13        f          60.0       5.0        0.0        0.0        0.0        0.0        0.0        9999.0     0.0
F19        f          6.0        61.0       0.0        0.0        0.0        0.0        0.0        9999.0     0.0
F17        f          66.0       44.0       0.0        0.0        0.0        0.0        0.0        9999.0     0.0
C2         c          7.0        47.0       3.0        0.0        3.0        30.0       253.0      966.0      10.0
C10        c          33.0       59.0       17.0       10.0       7.0        20.0       511.0      533.0      10.0
C12        c          31.0       3.0        30.0       3.0        27.0       25.0       440.0      1042.0     10.0
C16        c          36.0       22.0       12.0       7.0        5.0        35.0       537.0      913.0      10.0
C23        c          3.0        54.0       14.0       1.0        13.0       40.0       233.0      682.0      10.0
C26        c          53.0       49.0       29.0       27.0       2.0        25.0       977.0      1050.0     10.0
C33        c          37.0       6.0        14.0       2.0        12.0       35.0       627.0      749.0      10.0
C35        c          14.0       32.0       8.0        4.0        4.0        30.0       364.0      430.0      10.0
C48        c          63.0       51.0       25.0       20.0       5.0        40.0       628.0      839.0      10.0
C50        c          6.0        32.0       11.0       2.0        9.0        35.0       250.0      954.0      10.0
C53        c          42.0       3.0        18.0       1.0        17.0       20.0       266.0      710.0      10.0
C55        c          67.0       3.0        29.0       1.0        28.0       35.0       398.0      576.0      10.0
C84        c          37.0       33.0       15.0       13.0       2.0        25.0       337.0      533.0      10.0
C94        c          35.0       75.0       22.0       10.0       12.0       30.0       371.0      671.0      10.0
C97        c          2.0        65.0       28.0       1.0        27.0       40.0       570.0      969.0      10.0

L Large vehicle loading capacity /2000.0/
C Electric vehicle loading capacity /250.0/
Q Electric vehicle battery capacity /267.2/
r Fuel consumption rate /1.0/
g Inverse refueling rate /0.1/
v Average velocity /1.0/
