StringID   Type       x          y          demand     DeliveryDemand  PickupDemand  DivisionRate ReadyTime  DueDate    ServiceTime
D0         d          50.0       150.0      0.0        0.0        0.0        0.0        0.0        9999.0     0.0
S1         s          50.0       25.0       0.0        0.0        0.0        0.0        0.0        9999.0     0.0
S6         s          50.0       75.0       0.0        0.0        0.0        0.0        0.0        9999.0     0.0
F_sS1      f          50.0       25.0       0.0        0.0        0.0        0.0        0.0        9999.0     0.0
F_sS6      f          50.0       75.0       0.0        0.0        0.0        0.0        0.0        9999.0     0.0
F16        f          58.0       62.0       0.0        0.0        0.0        0.0        0.0        9999.0     0.0
F4         f          18.0       75.0       0.0        0.0        0.0        0.0        0.0        9999.0     0.0
F10        f          52.0       14.0       0.0        0.0        0.0        0.0        0.0        9999.0     0.0
F13        f          8.0        18.0       0.0        0.0        0.0        0.0        0.0        9999.0     0.0
C3         c          43.0       28.0       16.0       10.0       6.0        40.0       614.0      867.0      10.0
C17        c          9.0        11.0       17.0       14.0       3.0        20.0       764.0      933.0      10.0
C24        c          47.0       61.0       2.0        2.0        0.0        30.0       537.0      614.0      10.0
C26        c          11.0       3.0        25.0       7.0        18.0       40.0       499.0      638.0      10.0
C30        c          51.0       64.0       5.0        4.0        1.0        35.0       216.0      468.0      10.0
C37        c          19.0       24.0       19.0       15.0       4.0        40.0       569.0      933.0      10.0
C44        c          27.0       7.0        12.0       3.0        9.0        50.0       322.0      700.0      10.0
C51        c          18.0       30.0       10.0       6.0        4.0        40.0       311.0      493.0      10.0
C54        c          33.0       52.0       12.0       8.0        4.0        40.0       377.0      493.0      10.0
C57        c          23.0       65.0       8.0        3.0        5.0        45.0       729.0      1052.0     10.0
C80        c          24.0       43.0       7.0        4.0        3.0        30.0       198.0      307.0      10.0
C83        c          53.0       22.0       12.0       5.0        7.0        20.0       469.0      685.0      10.0
C84        c          19.0       55.0       23.0       8.0        15.0       45.0       638.0      956.0      10.0
C95        c          31.0       61.0       12.0       6.0        6.0        25.0       618.0      1091.0     10.0
C96        c          40.0       14.0       24.0       8.0        16.0       45.0       323.0      1013.0     10.0

L Large vehicle loading capacity /2000.0/
C Electric vehicle loading capacity /250.0/
Q Electric vehicle battery capacity /267.2/
r Fuel consumption rate /1.0/
g Inverse refueling rate /0.1/
v Average velocity /1.0/
