StringID   Type       x          y          demand     DeliveryDemand  PickupDemand  DivisionRate ReadyTime  DueDate    ServiceTime
D0         d          50.0       150.0      0.0        0.0        0.0        0.0        0.0        9999.0     0.0
S1         s          50.0       25.0       0.0        0.0        0.0        0.0        0.0        9999.0     0.0
S6         s          50.0       75.0       0.0        0.0        0.0        0.0        0.0        9999.0     0.0
F_sS1      f          50.0       25.0       0.0        0.0        0.0        0.0        0.0        9999.0     0.0
F_sS6      f          50.0       75.0       0.0        0.0        0.0        0.0        0.0        9999.0     0.0
F1         f          61.0       35.0       0.0        0.0        0.0        0.0        0.0        9999.0     0.0
F13        f          0.0        32.0       0.0        0.0        0.0        0.0        0.0        9999.0     0.0
F17        f          11.0       11.0       0.0        0.0        0.0        0.0        0.0        9999.0     0.0
F3         f          39.0       29.0       0.0        0.0        0.0        0.0        0.0        9999.0     0.0
C0         c          35.0       27.0       6.0        5.0        1.0        35.0       613.0      932.0      10.0
C12        c          18.0       20.0       14.0       13.0       1.0        30.0       386.0      951.0      10.0
C15        c          67.0       20.0       14.0       4.0        10.0       35.0       700.0      883.0      10.0
C29        c          19.0       42.0       3.0        1.0        2.0        40.0       630.0      1000.0     10.0
C41        c          40.0       37.0       1.0        1.0        0.0        40.0       475.0      516.0      10.0
C44        c          17.0       56.0       10.0       3.0        7.0        35.0       475.0      618.0      10.0
C62        c          67.0       77.0       32.0       28.0       4.0        35.0       646.0      806.0      10.0
C66        c          23.0       52.0       14.0       6.0        8.0        30.0       708.0      917.0      10.0
C73        c          17.0       55.0       14.0       4.0        10.0       50.0       372.0      897.0      10.0
C74        c          46.0       40.0       16.0       14.0       2.0        40.0       133.0      999.0      10.0
C78        c          33.0       64.0       25.0       13.0       12.0       30.0       423.0      816.0      10.0
C81        c          67.0       65.0       21.0       20.0       1.0        35.0       296.0      806.0      10.0
C87        c          7.0        3.0        1.0        0.0        1.0        35.0       682.0      788.0      10.0
C93        c          15.0       18.0       3.0        2.0        1.0        30.0       275.0      710.0      10.0
C99        c          51.0       38.0       16.0       12.0       4.0        45.0       159.0      635.0      10.0

L Large vehicle loading capacity /2000.0/
C Electric vehicle loading capacity /250.0/
Q Electric vehicle battery capacity /267.2/
r Fuel consumption rate /1.0/
g Inverse refueling rate /0.1/
v Average velocity /1.0/
