StringID   Type       x          y          demand     DeliveryDemand  PickupDemand  DivisionRate ReadyTime  DueDate    ServiceTime
D0         d          50.0       150.0      0.0        0.0        0.0        0.0        0.0        9999.0     0.0
S1         s          50.0       25.0       0.0        0.0        0.0        0.0        0.0        9999.0     0.0
S6         s          50.0       75.0       0.0        0.0        0.0        0.0        0.0        9999.0     0.0
F_sS1      f          50.0       25.0       0.0        0.0        0.0        0.0        0.0        9999.0     0.0
F_sS6      f          50.0       75.0       0.0        0.0        0.0        0.0        0.0        9999.0     0.0
F19        f          35.0       42.0       0.0        0.0        0.0        0.0        0.0        9999.0     0.0
F13        f          42.0       5.0        0.0        0.0        0.0        0.0        0.0        9999.0     0.0
F8         f          2.0        16.0       0.0        0.0        0.0        0.0        0.0        9999.0     0.0
F4         f          30.0       42.0       0.0        0.0        0.0        0.0        0.0        9999.0     0.0
C10        c          5.0        26.0       4.0        1.0        3.0        40.0       459.0      1091.0     10.0
C13        c          50.0       47.0       18.0       17.0       1.0        50.0       574.0      823.0      10.0
C18        c          47.0       35.0       11.0       8.0        3.0        40.0       412.0      711.0      10.0
C25        c          37.0       61.0       9.0        5.0        4.0        40.0       455.0      747.0      10.0
C26        c          48.0       30.0       25.0       16.0       9.0        40.0       840.0      1039.0     10.0
C27        c          55.0       36.0       18.0       12.0       6.0        25.0       500.0      1025.0     10.0
C35        c          41.0       21.0       16.0       8.0        8.0        30.0       219.0      417.0      10.0
C41        c          32.0       38.0       1.0        1.0        0.0        35.0       609.0      782.0      10.0
C47        c          16.0       60.0       35.0       9.0        26.0       25.0       728.0      936.0      10.0
C54        c          25.0       48.0       7.0        4.0        3.0        30.0       122.0      784.0      10.0
C66        c          48.0       42.0       21.0       18.0       3.0        35.0       236.0      732.0      10.0
C74        c          39.0       45.0       1.0        1.0        0.0        50.0       271.0      368.0      10.0
C86        c          46.0       31.0       18.0       12.0       6.0        40.0       586.0      654.0      10.0
C88        c          34.0       24.0       17.0       12.0       5.0        30.0       130.0      545.0      10.0
C91        c          37.0       30.0       20.0       16.0       4.0        25.0       425.0      749.0      10.0

L Large vehicle loading capacity /2000.0/
C Electric vehicle loading capacity /250.0/
Q Electric vehicle battery capacity /267.2/
r Fuel consumption rate /1.0/
g Inverse refueling rate /0.1/
v Average velocity /1.0/
