StringID   Type       x          y          demand     DeliveryDemand  PickupDemand  DivisionRate ReadyTime  DueDate    ServiceTime
D0         d          50.0       150.0      0.0        0.0        0.0        0.0        0.0        9999.0     0.0
S1         s          50.0       25.0       0.0        0.0        0.0        0.0        0.0        9999.0     0.0
S6         s          50.0       75.0       0.0        0.0        0.0        0.0        0.0        9999.0     0.0
F_sS1      f          50.0       25.0       0.0        0.0        0.0        0.0        0.0        9999.0     0.0
F_sS6      f          50.0       75.0       0.0        0.0        0.0        0.0        0.0        9999.0     0.0
F13        f          31.0       29.0       0.0        0.0        0.0        0.0        0.0        9999.0     0.0
F14        f          24.0       36.0       0.0        0.0        0.0        0.0        0.0        9999.0     0.0
F16        f          44.0       39.0       0.0        0.0        0.0        0.0        0.0        9999.0     0.0
F6         f          61.0       54.0       0.0        0.0        0.0        0.0        0.0        9999.0     0.0
C0         c          19.0       12.0       20.0       13.0       7.0        20.0       609.0      803.0      10.0
C19        c          15.0       37.0       12.0       5.0        7.0        40.0       167.0      533.0      10.0
C23        c          33.0       10.0       10.0       3.0        7.0        35.0       664.0      785.0      10.0
C24        c          36.0       5.0        10.0       1.0        9.0        30.0       137.0      872.0      10.0
C25        c          36.0       58.0       10.0       6.0        4.0        40.0       138.0      498.0      10.0
C29        c          38.0       46.0       33.0       27.0       6.0        40.0       425.0      748.0      10.0
C30        c          53.0       29.0       21.0       11.0       10.0       30.0       534.0      1008.0     10.0
C35        c          47.0       41.0       15.0       13.0       2.0        40.0       403.0      852.0      10.0
C36        c          30.0       35.0       9.0        8.0        1.0        35.0       658.0      954.0      10.0
C41        c          33.0       19.0       10.0       6.0        4.0        20.0       194.0      941.0      10.0
C68        c          50.0       43.0       19.0       16.0       3.0        40.0       206.0      1038.0     10.0
C73        c          35.0       30.0       21.0       18.0       3.0        30.0       413.0      514.0      10.0
C74        c          45.0       37.0       16.0       13.0       3.0        45.0       211.0      253.0      10.0
C75        c          11.0       12.0       16.0       15.0       1.0        45.0       397.0      447.0      10.0
C86        c          44.0       77.0       15.0       9.0        6.0        40.0       461.0      472.0      10.0

L Large vehicle loading capacity /2000.0/
C Electric vehicle loading capacity /250.0/
Q Electric vehicle battery capacity /267.2/
r Fuel consumption rate /1.0/
g Inverse refueling rate /0.1/
v Average velocity /1.0/
