StringID   Type       x          y          demand     DeliveryDemand  PickupDemand  DivisionRate ReadyTime  DueDate    ServiceTime
D0         d          50.0       150.0      0.0        0.0        0.0        0.0        0.0        9999.0     0.0
S1         s          50.0       25.0       0.0        0.0        0.0        0.0        0.0        9999.0     0.0
S6         s          50.0       75.0       0.0        0.0        0.0        0.0        0.0        9999.0     0.0
F_sS1      f          50.0       25.0       0.0        0.0        0.0        0.0        0.0        9999.0     0.0
F_sS6      f          50.0       75.0       0.0        0.0        0.0        0.0        0.0        9999.0     0.0
F20        f          33.0       31.0       0.0        0.0        0.0        0.0        0.0        9999.0     0.0
F7         f          0.0        22.0       0.0        0.0        0.0        0.0        0.0        9999.0     0.0
F3         f          23.0       75.0       0.0        0.0        0.0        0.0        0.0        9999.0     0.0
F11        f          12.0       22.0       0.0        0.0        0.0        0.0        0.0        9999.0     0.0
C3         c          5.0        67.0       23.0       2.0        21.0       35.0       393.0      722.0      10.0
C13        c          26.0       41.0       8.0        5.0        3.0        35.0       590.0      850.0      10.0
C14        c          6.0        37.0       11.0       2.0        9.0        35.0       519.0      730.0      10.0
C22        c          67.0       42.0       9.0        6.0        3.0        35.0       345.0      544.0      10.0
C23        c          26.0       58.0       16.0       7.0        9.0        30.0       594.0      611.0      10.0
C26        c          32.0       19.0       5.0        3.0        2.0        25.0       333.0      352.0      10.0
C31        c          42.0       9.0        21.0       4.0        17.0       25.0       506.0      768.0      10.0
C35        c          54.0       42.0       8.0        6.0        2.0        50.0       331.0      468.0      10.0
C36        c          5.0        4.0        21.0       17.0       4.0        50.0       532.0      834.0      10.0
C40        c          27.0       29.0       11.0       10.0       1.0        45.0       628.0      984.0      10.0
C51        c          26.0       48.0       7.0        4.0        3.0        20.0       198.0      443.0      10.0
C64        c          50.0       50.0       23.0       23.0       0.0        40.0       506.0      715.0      10.0
C72        c          30.0       3.0        11.0       1.0        10.0       40.0       572.0      927.0      10.0
C82        c          30.0       50.0       8.0        5.0        3.0        30.0       471.0      703.0      10.0
C84        c          58.0       3.0        21.0       1.0        20.0       45.0       730.0      852.0      10.0

L Large vehicle loading capacity /2000.0/
C Electric vehicle loading capacity /250.0/
Q Electric vehicle battery capacity /267.2/
r Fuel consumption rate /1.0/
g Inverse refueling rate /0.1/
v Average velocity /1.0/
