StringID   Type       x          y          demand     DeliveryDemand  PickupDemand  DivisionRate ReadyTime  DueDate    ServiceTime
D0         d          50.0       150.0      0.0        0.0        0.0        0.0        0.0        9999.0     0.0
S1         s          50.0       25.0       0.0        0.0        0.0        0.0        0.0        9999.0     0.0
S6         s          50.0       75.0       0.0        0.0        0.0        0.0        0.0        9999.0     0.0
F_sS1      f          50.0       25.0       0.0        0.0        0.0        0.0        0.0        9999.0     0.0
F_sS6      f          50.0       75.0       0.0        0.0        0.0        0.0        0.0        9999.0     0.0
F11        f          35.0       57.0       0.0        0.0        0.0        0.0        0.0        9999.0     0.0
F8         f          0.0        20.0       0.0        0.0        0.0        0.0        0.0        9999.0     0.0
F14        f          50.0       28.0       0.0        0.0        0.0        0.0        0.0        9999.0     0.0
F6         f          50.0       5.0        0.0        0.0        0.0        0.0        0.0        9999.0     0.0
C0         c          9.0        64.0       9.0        1.0        8.0        30.0       185.0      853.0      10.0
C8         c          50.0       55.0       1.0        1.0        0.0        35.0       447.0      904.0      10.0
C10        c          48.0       15.0       13.0       4.0        9.0        20.0       774.0      935.0      10.0
C18        c          36.0       31.0       1.0        1.0        0.0        40.0       557.0      756.0      10.0
C35        c          35.0       65.0       30.0       16.0       14.0       40.0       451.0      625.0      10.0
C51        c          29.0       31.0       18.0       17.0       1.0        45.0       262.0      602.0      10.0
C53        c          12.0       58.0       18.0       4.0        14.0       40.0       819.0      971.0      10.0
C54        c          19.0       49.0       15.0       6.0        9.0        50.0       899.0      965.0      10.0
C57        c          28.0       22.0       22.0       17.0       5.0        50.0       671.0      819.0      10.0
C60        c          22.0       64.0       24.0       8.0        16.0       30.0       916.0      1088.0     10.0
C62        c          19.0       29.0       19.0       12.0       7.0        50.0       261.0      435.0      10.0
C63        c          20.0       45.0       12.0       5.0        7.0        50.0       416.0      767.0      10.0
C69        c          35.0       48.0       17.0       12.0       5.0        35.0       224.0      787.0      10.0
C91        c          37.0       39.0       11.0       10.0       1.0        35.0       530.0      785.0      10.0
C99        c          28.0       23.0       19.0       16.0       3.0        50.0       774.0      797.0      10.0

L Large vehicle loading capacity /2000.0/
C Electric vehicle loading capacity /250.0/
Q Electric vehicle battery capacity /267.2/
r Fuel consumption rate /1.0/
g Inverse refueling rate /0.1/
v Average velocity /1.0/
