StringID   Type       x          y          demand     DeliveryDemand  PickupDemand  DivisionRate ReadyTime  DueDate    ServiceTime
D0         d          50.0       150.0      0.0        0.0        0.0        0.0        0.0        9999.0     0.0
S1         s          50.0       25.0       0.0        0.0        0.0        0.0        0.0        9999.0     0.0
S6         s          50.0       75.0       0.0        0.0        0.0        0.0        0.0        9999.0     0.0
F_sS1      f          50.0       25.0       0.0        0.0        0.0        0.0        0.0        9999.0     0.0
F_sS6      f          50.0       75.0       0.0        0.0        0.0        0.0        0.0        9999.0     0.0
F8         f          10.0       14.0       0.0        0.0        0.0        0.0        0.0        9999.0     0.0
F20        f          39.0       19.0       0.0        0.0        0.0        0.0        0.0        9999.0     0.0
F9         f          0.0        39.0       0.0        0.0        0.0        0.0        0.0        9999.0     0.0
F12        f          43.0       38.0       0.0        0.0        0.0        0.0        0.0        9999.0     0.0
C0         c          28.0       49.0       18.0       10.0       8.0        25.0       235.0      897.0      10.0
C2         c          27.0       47.0       3.0        2.0        1.0        20.0       499.0      854.0      10.0
C7         c          16.0       66.0       17.0       4.0        13.0       40.0       441.0      684.0      10.0
C11        c          18.0       27.0       21.0       14.0       7.0        30.0       541.0      909.0      10.0
C14        c          17.0       41.0       18.0       7.0        11.0       35.0       156.0      329.0      10.0
C28        c          34.0       34.0       13.0       13.0       0.0        30.0       729.0      1071.0     10.0
C35        c          15.0       45.0       6.0        2.0        4.0        25.0       796.0      920.0      10.0
C38        c          38.0       56.0       1.0        1.0        0.0        35.0       981.0      1068.0     10.0
C43        c          55.0       65.0       13.0       11.0       2.0        20.0       322.0      945.0      10.0
C61        c          23.0       54.0       23.0       10.0       13.0       40.0       268.0      387.0      10.0
C83        c          67.0       31.0       5.0        2.0        3.0        40.0       962.0      1052.0     10.0
C88        c          29.0       67.0       23.0       10.0       13.0       20.0       228.0      836.0      10.0
C90        c          48.0       48.0       33.0       33.0       0.0        35.0       466.0      1069.0     10.0
C94        c          40.0       66.0       18.0       11.0       7.0        45.0       900.0      1020.0     10.0
C98        c          48.0       3.0        8.0        0.0        8.0        35.0       239.0      816.0      10.0

L Large vehicle loading capacity /2000.0/
C Electric vehicle loading capacity /250.0/
Q Electric vehicle battery capacity /267.2/
r Fuel consumption rate /1.0/
g Inverse refueling rate /0.1/
v Average velocity /1.0/
