StringID   Type       x          y          demand     DeliveryDemand  PickupDemand  DivisionRate ReadyTime  DueDate    ServiceTime
D0         d          50.0       150.0      0.0        0.0        0.0        0.0        0.0        9999.0     0.0
S1         s          50.0       25.0       0.0        0.0        0.0        0.0        0.0        9999.0     0.0
S6         s          50.0       75.0       0.0        0.0        0.0        0.0        0.0        9999.0     0.0
F_sS1      f          50.0       25.0       0.0        0.0        0.0        0.0        0.0        9999.0     0.0
F_sS6      f          50.0       75.0       0.0        0.0        0.0        0.0        0.0        9999.0     0.0
F17        f          39.0       29.0       0.0        0.0        0.0        0.0        0.0        9999.0     0.0
F5         f          19.0       5.0        0.0        0.0        0.0        0.0        0.0        9999.0     0.0
F19        f          45.0       5.0        0.0        0.0        0.0        0.0        0.0        9999.0     0.0
F11        f          67.0       43.0       0.0        0.0        0.0        0.0        0.0        9999.0     0.0
C1         c          30.0       24.0       5.0        4.0        1.0        35.0       242.0      740.0      10.0
C8         c          26.0       77.0       20.0       7.0        13.0       30.0       370.0      790.0      10.0
C9         c          59.0       46.0       1.0        1.0        0.0        45.0       333.0      730.0      10.0
C11        c          58.0       67.0       19.0       16.0       3.0        30.0       338.0      502.0      10.0
C17        c          38.0       55.0       5.0        3.0        2.0        20.0       505.0      861.0      10.0
C38        c          21.0       22.0       8.0        8.0        0.0        30.0       421.0      858.0      10.0
C44        c          20.0       77.0       18.0       5.0        13.0       25.0       600.0      824.0      10.0
C47        c          10.0       27.0       19.0       7.0        12.0       25.0       313.0      335.0      10.0
C61        c          59.0       17.0       8.0        2.0        6.0        45.0       503.0      852.0      10.0
C66        c          19.0       42.0       21.0       10.0       11.0       20.0       184.0      459.0      10.0
C68        c          49.0       26.0       5.0        3.0        2.0        40.0       294.0      993.0      10.0
C74        c          52.0       53.0       24.0       24.0       0.0        20.0       945.0      957.0      10.0
C82        c          43.0       13.0       1.0        0.0        1.0        20.0       413.0      673.0      10.0
C88        c          34.0       44.0       12.0       9.0        3.0        20.0       788.0      841.0      10.0
C96        c          19.0       34.0       19.0       11.0       8.0        30.0       297.0      311.0      10.0

L Large vehicle loading capacity /2000.0/
C Electric vehicle loading capacity /250.0/
Q Electric vehicle battery capacity /267.2/
r Fuel consumption rate /1.0/
g Inverse refueling rate /0.1/
v Average velocity /1.0/
