StringID   Type       x          y          demand     DeliveryDemand  PickupDemand  DivisionRate ReadyTime  DueDate    ServiceTime
D0         d          50.0       150.0      0.0        0.0        0.0        0.0        0.0        9999.0     0.0
S1         s          50.0       25.0       0.0        0.0        0.0        0.0        0.0        9999.0     0.0
S6         s          50.0       75.0       0.0        0.0        0.0        0.0        0.0        9999.0     0.0
F_sS1      f          50.0       25.0       0.0        0.0        0.0        0.0        0.0        9999.0     0.0
F_sS6      f          50.0       75.0       0.0        0.0        0.0        0.0        0.0        9999.0     0.0
F0         f          33.0       19.0       0.0        0.0        0.0        0.0        0.0        9999.0     0.0
F8         f          19.0       6.0        0.0        0.0        0.0        0.0        0.0        9999.0     0.0
F5         f          27.0       15.0       0.0        0.0        0.0        0.0        0.0        9999.0     0.0
F17        f          48.0       46.0       0.0        0.0        0.0        0.0        0.0        9999.0     0.0
C2         c          36.0       63.0       29.0       17.0       12.0       20.0       290.0      325.0      10.0
C4         c          54.0       30.0       23.0       13.0       10.0       30.0       229.0      650.0      10.0
C8         c          31.0       32.0       16.0       16.0       0.0        50.0       711.0      879.0      10.0
C16        c          22.0       34.0       8.0        5.0        3.0        30.0       139.0      251.0      10.0
C19        c          32.0       3.0        1.0        0.0        1.0        30.0       262.0      326.0      10.0
C25        c          32.0       7.0        6.0        1.0        5.0        40.0       122.0      602.0      10.0
C29        c          26.0       27.0       14.0       13.0       1.0        35.0       513.0      1058.0     10.0
C34        c          40.0       36.0       14.0       13.0       1.0        20.0       333.0      483.0      10.0
C35        c          45.0       67.0       20.0       13.0       7.0        30.0       763.0      996.0      10.0
C55        c          12.0       53.0       22.0       5.0        17.0       20.0       239.0      264.0      10.0
C64        c          27.0       52.0       26.0       14.0       12.0       50.0       367.0      974.0      10.0
C65        c          44.0       51.0       18.0       16.0       2.0        40.0       153.0      421.0      10.0
C95        c          24.0       52.0       18.0       8.0        10.0       40.0       316.0      718.0      10.0
C97        c          13.0       32.0       6.0        2.0        4.0        40.0       307.0      774.0      10.0
C99        c          51.0       39.0       25.0       19.0       6.0        25.0       260.0      925.0      10.0

L Large vehicle loading capacity /2000.0/
C Electric vehicle loading capacity /250.0/
Q Electric vehicle battery capacity /267.2/
r Fuel consumption rate /1.0/
g Inverse refueling rate /0.1/
v Average velocity /1.0/
