StringID   Type       x          y          demand     DeliveryDemand  PickupDemand  DivisionRate ReadyTime  DueDate    ServiceTime
D0         d          50.0       150.0      0.0        0.0        0.0        0.0        0.0        9999.0     0.0
S1         s          50.0       25.0       0.0        0.0        0.0        0.0        0.0        9999.0     0.0
S6         s          50.0       75.0       0.0        0.0        0.0        0.0        0.0        9999.0     0.0
F_sS1      f          50.0       25.0       0.0        0.0        0.0        0.0        0.0        9999.0     0.0
F_sS6      f          50.0       75.0       0.0        0.0        0.0        0.0        0.0        9999.0     0.0
F4         f          29.0       42.0       0.0        0.0        0.0        0.0        0.0        9999.0     0.0
F10        f          33.0       75.0       0.0        0.0        0.0        0.0        0.0        9999.0     0.0
F14        f          43.0       35.0       0.0        0.0        0.0        0.0        0.0        9999.0     0.0
F15        f          57.0       64.0       0.0        0.0        0.0        0.0        0.0        9999.0     0.0
C22        c          36.0       59.0       4.0        2.0        2.0        35.0       238.0      1098.0     10.0
C27        c          26.0       28.0       9.0        8.0        1.0        35.0       233.0      603.0      10.0
C30        c          49.0       48.0       3.0        3.0        0.0        50.0       297.0      850.0      10.0
C33        c          67.0       40.0       16.0       10.0       6.0        25.0       849.0      874.0      10.0
C34        c          28.0       36.0       23.0       18.0       5.0        20.0       455.0      935.0      10.0
C37        c          2.0        29.0       1.0        0.0        1.0        50.0       342.0      917.0      10.0
C42        c          36.0       43.0       18.0       15.0       3.0        40.0       221.0      550.0      10.0
C44        c          61.0       70.0       9.0        8.0        1.0        30.0       920.0      974.0      10.0
C54        c          33.0       3.0        10.0       1.0        9.0        30.0       765.0      874.0      10.0
C62        c          35.0       21.0       1.0        1.0        0.0        40.0       455.0      975.0      10.0
C69        c          45.0       19.0       33.0       14.0       19.0       30.0       238.0      377.0      10.0
C78        c          21.0       64.0       5.0        2.0        3.0        25.0       568.0      853.0      10.0
C79        c          19.0       17.0       6.0        5.0        1.0        25.0       273.0      1026.0     10.0
C87        c          55.0       35.0       12.0       8.0        4.0        20.0       323.0      421.0      10.0
C89        c          18.0       61.0       23.0       7.0        16.0       40.0       293.0      573.0      10.0

L Large vehicle loading capacity /2000.0/
C Electric vehicle loading capacity /250.0/
Q Electric vehicle battery capacity /267.2/
r Fuel consumption rate /1.0/
g Inverse refueling rate /0.1/
v Average velocity /1.0/
