StringID   Type       x          y          demand     DeliveryDemand  PickupDemand  DivisionRate ReadyTime  DueDate    ServiceTime
D0         d          50.0       150.0      0.0        0.0        0.0        0.0        0.0        9999.0     0.0
S1         s          50.0       25.0       0.0        0.0        0.0        0.0        0.0        9999.0     0.0
S6         s          50.0       75.0       0.0        0.0        0.0        0.0        0.0        9999.0     0.0
F_sS1      f          50.0       25.0       0.0        0.0        0.0        0.0        0.0        9999.0     0.0
F_sS6      f          50.0       75.0       0.0        0.0        0.0        0.0        0.0        9999.0     0.0
F3         f          47.0       58.0       0.0        0.0        0.0        0.0        0.0        9999.0     0.0
F9         f          19.0       64.0       0.0        0.0        0.0        0.0        0.0        9999.0     0.0
F12        f          20.0       18.0       0.0        0.0        0.0        0.0        0.0        9999.0     0.0
F15        f          55.0       40.0       0.0        0.0        0.0        0.0        0.0        9999.0     0.0
C1         c          40.0       8.0        8.0        2.0        6.0        35.0       270.0      350.0      10.0
C29        c          28.0       3.0        14.0       2.0        12.0       40.0       298.0      876.0      10.0
C39        c          45.0       21.0       25.0       12.0       13.0       30.0       287.0      878.0      10.0
C55        c          10.0       53.0       26.0       5.0        21.0       30.0       512.0      1071.0     10.0
C56        c          49.0       61.0       14.0       11.0       3.0        35.0       614.0      1021.0     10.0
C60        c          35.0       60.0       26.0       15.0       11.0       45.0       446.0      1083.0     10.0
C62        c          33.0       60.0       17.0       9.0        8.0        25.0       505.0      573.0      10.0
C69        c          30.0       41.0       15.0       11.0       4.0        25.0       312.0      715.0      10.0
C70        c          44.0       44.0       23.0       23.0       0.0        40.0       227.0      1016.0     10.0
C80        c          37.0       38.0       13.0       13.0       0.0        25.0       870.0      906.0      10.0
C87        c          44.0       22.0       35.0       18.0       17.0       30.0       453.0      635.0      10.0
C89        c          21.0       63.0       12.0       4.0        8.0        35.0       832.0      927.0      10.0
C91        c          28.0       26.0       20.0       19.0       1.0        40.0       540.0      1048.0     10.0
C92        c          34.0       54.0       27.0       17.0       10.0       20.0       555.0      892.0      10.0
C94        c          40.0       55.0       8.0        6.0        2.0        45.0       261.0      473.0      10.0

L Large vehicle loading capacity /2000.0/
C Electric vehicle loading capacity /250.0/
Q Electric vehicle battery capacity /267.2/
r Fuel consumption rate /1.0/
g Inverse refueling rate /0.1/
v Average velocity /1.0/
