StringID   Type       x          y          demand     DeliveryDemand  PickupDemand  DivisionRate ReadyTime  DueDate    ServiceTime
D0         d          50.0       150.0      0.0        0.0        0.0        0.0        0.0        9999.0     0.0
S1         s          50.0       25.0       0.0        0.0        0.0        0.0        0.0        9999.0     0.0
S6         s          50.0       75.0       0.0        0.0        0.0        0.0        0.0        9999.0     0.0
F_sS1      f          50.0       25.0       0.0        0.0        0.0        0.0        0.0        9999.0     0.0
F_sS6      f          50.0       75.0       0.0        0.0        0.0        0.0        0.0        9999.0     0.0
F6         f          49.0       41.0       0.0        0.0        0.0        0.0        0.0        9999.0     0.0
F8         f          37.0       5.0        0.0        0.0        0.0        0.0        0.0        9999.0     0.0
F5         f          23.0       34.0       0.0        0.0        0.0        0.0        0.0        9999.0     0.0
F15        f          34.0       41.0       0.0        0.0        0.0        0.0        0.0        9999.0     0.0
C2         c          16.0       55.0       16.0       5.0        11.0       20.0       299.0      609.0      10.0
C5         c          24.0       26.0       1.0        1.0        0.0        25.0       509.0      599.0      10.0
C10        c          9.0        69.0       18.0       2.0        16.0       30.0       293.0      496.0      10.0
C27        c          12.0       44.0       22.0       6.0        16.0       50.0       360.0      665.0      10.0
C43        c          59.0       43.0       18.0       13.0       5.0        50.0       213.0      221.0      10.0
C47        c          60.0       53.0       7.0        6.0        1.0        50.0       747.0      970.0      10.0
C48        c          2.0        64.0       26.0       1.0        25.0       20.0       454.0      636.0      10.0
C53        c          45.0       65.0       14.0       10.0       4.0        35.0       322.0      513.0      10.0
C67        c          64.0       16.0       15.0       4.0        11.0       30.0       466.0      481.0      10.0
C69        c          19.0       40.0       20.0       10.0       10.0       30.0       173.0      643.0      10.0
C70        c          15.0       47.0       21.0       7.0        14.0       45.0       656.0      704.0      10.0
C81        c          45.0       38.0       11.0       9.0        2.0        25.0       632.0      880.0      10.0
C85        c          30.0       10.0       21.0       7.0        14.0       30.0       184.0      1048.0     10.0
C91        c          19.0       14.0       10.0       7.0        3.0        35.0       210.0      507.0      10.0
C92        c          19.0       59.0       21.0       7.0        14.0       40.0       448.0      894.0      10.0

L Large vehicle loading capacity /2000.0/
C Electric vehicle loading capacity /250.0/
Q Electric vehicle battery capacity /267.2/
r Fuel consumption rate /1.0/
g Inverse refueling rate /0.1/
v Average velocity /1.0/
