StringID   Type       x          y          demand     DeliveryDemand  PickupDemand  DivisionRate ReadyTime  DueDate    ServiceTime
D0         d          50.0       150.0      0.0        0.0        0.0        0.0        0.0        9999.0     0.0
S1         s          50.0       25.0       0.0        0.0        0.0        0.0        0.0        9999.0     0.0
S6         s          50.0       75.0       0.0        0.0        0.0        0.0        0.0        9999.0     0.0
F_sS1      f          50.0       25.0       0.0        0.0        0.0        0.0        0.0        9999.0     0.0
F_sS6      f          50.0       75.0       0.0        0.0        0.0        0.0        0.0        9999.0     0.0
F8         f          46.0       28.0       0.0        0.0        0.0        0.0        0.0        9999.0     0.0
F5         f          19.0       49.0       0.0        0.0        0.0        0.0        0.0        9999.0     0.0
F7         f          41.0       21.0       0.0        0.0        0.0        0.0        0.0        9999.0     0.0
F15        f          75.0       36.0       0.0        0.0        0.0        0.0        0.0        9999.0     0.0
C2         c          59.0       62.0       25.0       24.0       1.0        25.0       363.0      946.0      10.0
C13        c          6.0        25.0       8.0        2.0        6.0        30.0       224.0      840.0      10.0
C29        c          2.0        57.0       14.0       0.0        14.0       20.0       342.0      871.0      10.0
C33        c          24.0       32.0       8.0        6.0        2.0        30.0       225.0      481.0      10.0
C41        c          15.0       61.0       9.0        2.0        7.0        25.0       442.0      713.0      10.0
C44        c          13.0       21.0       15.0       9.0        6.0        35.0       213.0      1014.0     10.0
C45        c          24.0       46.0       8.0        4.0        4.0        30.0       577.0      697.0      10.0
C63        c          45.0       28.0       25.0       16.0       9.0        40.0       604.0      678.0      10.0
C67        c          12.0       29.0       4.0        2.0        2.0        35.0       420.0      459.0      10.0
C74        c          45.0       55.0       3.0        2.0        1.0        30.0       619.0      1000.0     10.0
C79        c          48.0       12.0       26.0       6.0        20.0       45.0       799.0      1070.0     10.0
C81        c          63.0       23.0       7.0        3.0        4.0        45.0       866.0      1083.0     10.0
C90        c          18.0       54.0       25.0       8.0        17.0       30.0       350.0      524.0      10.0
C98        c          35.0       41.0       18.0       15.0       3.0        40.0       178.0      567.0      10.0
C99        c          9.0        49.0       21.0       4.0        17.0       35.0       227.0      336.0      10.0

L Large vehicle loading capacity /2000.0/
C Electric vehicle loading capacity /250.0/
Q Electric vehicle battery capacity /267.2/
r Fuel consumption rate /1.0/
g Inverse refueling rate /0.1/
v Average velocity /1.0/
