StringID   Type       x          y          demand     DeliveryDemand  PickupDemand  DivisionRate ReadyTime  DueDate    ServiceTime
D0         d          50.0       150.0      0.0        0.0        0.0        0.0        0.0        9999.0     0.0
S1         s          50.0       25.0       0.0        0.0        0.0        0.0        0.0        9999.0     0.0
S6         s          50.0       75.0       0.0        0.0        0.0        0.0        0.0        9999.0     0.0
F_sS1      f          50.0       25.0       0.0        0.0        0.0        0.0        0.0        9999.0     0.0
F_sS6      f          50.0       75.0       0.0        0.0        0.0        0.0        0.0        9999.0     0.0
F15        f          47.0       22.0       0.0        0.0        0.0        0.0        0.0        9999.0     0.0
F14        f          39.0       6.0        0.0        0.0        0.0        0.0        0.0        9999.0     0.0
F13        f          27.0       41.0       0.0        0.0        0.0        0.0        0.0        9999.0     0.0
F9         f          9.0        11.0       0.0        0.0        0.0        0.0        0.0        9999.0     0.0
C8         c          30.0       11.0       20.0       7.0        13.0       30.0       570.0      962.0      10.0
C13        c          25.0       60.0       26.0       11.0       15.0       35.0       569.0      945.0      10.0
C22        c          46.0       67.0       6.0        4.0        2.0        50.0       261.0      526.0      10.0
C24        c          11.0       35.0       18.0       6.0        12.0       35.0       165.0      404.0      10.0
C25        c          4.0        17.0       12.0       3.0        9.0        25.0       522.0      823.0      10.0
C27        c          35.0       66.0       1.0        1.0        0.0        50.0       833.0      943.0      10.0
C31        c          2.0        8.0        1.0        0.0        1.0        35.0       952.0      988.0      10.0
C32        c          34.0       36.0       22.0       21.0       1.0        40.0       901.0      915.0      10.0
C35        c          44.0       30.0       32.0       22.0       10.0       25.0       296.0      556.0      10.0
C40        c          24.0       31.0       2.0        2.0        0.0        40.0       839.0      975.0      10.0
C48        c          36.0       27.0       8.0        6.0        2.0        50.0       326.0      503.0      10.0
C71        c          11.0       37.0       17.0       5.0        12.0       45.0       444.0      753.0      10.0
C77        c          67.0       4.0        21.0       1.0        20.0       35.0       715.0      758.0      10.0
C84        c          41.0       27.0       12.0       8.0        4.0        20.0       618.0      657.0      10.0
C96        c          26.0       77.0       28.0       9.0        19.0       40.0       371.0      508.0      10.0

L Large vehicle loading capacity /2000.0/
C Electric vehicle loading capacity /250.0/
Q Electric vehicle battery capacity /267.2/
r Fuel consumption rate /1.0/
g Inverse refueling rate /0.1/
v Average velocity /1.0/
