StringID   Type       x          y          demand     DeliveryDemand  PickupDemand  DivisionRate ReadyTime  DueDate    ServiceTime
D0         d          50.0       150.0      0.0        0.0        0.0        0.0        0.0        9999.0     0.0
S1         s          50.0       25.0       0.0        0.0        0.0        0.0        0.0        9999.0     0.0
S6         s          50.0       75.0       0.0        0.0        0.0        0.0        0.0        9999.0     0.0
F_sS1      f          50.0       25.0       0.0        0.0        0.0        0.0        0.0        9999.0     0.0
F_sS6      f          50.0       75.0       0.0        0.0        0.0        0.0        0.0        9999.0     0.0
F11        f          45.0       62.0       0.0        0.0        0.0        0.0        0.0        9999.0     0.0
F7         f          31.0       33.0       0.0        0.0        0.0        0.0        0.0        9999.0     0.0
F19        f          12.0       31.0       0.0        0.0        0.0        0.0        0.0        9999.0     0.0
F13        f          48.0       61.0       0.0        0.0        0.0        0.0        0.0        9999.0     0.0
C2         c          15.0       20.0       13.0       10.0       3.0        30.0       319.0      423.0      10.0
C4         c          44.0       3.0        35.0       2.0        33.0       20.0       721.0      877.0      10.0
C8         c          8.0        77.0       10.0       1.0        9.0        40.0       549.0      846.0      10.0
C14        c          41.0       25.0       1.0        1.0        0.0        25.0       544.0      725.0      10.0
C24        c          3.0        14.0       20.0       4.0        16.0       35.0       471.0      619.0      10.0
C25        c          25.0       44.0       9.0        5.0        4.0        45.0       161.0      992.0      10.0
C34        c          53.0       37.0       6.0        4.0        2.0        35.0       345.0      356.0      10.0
C35        c          21.0       44.0       13.0       6.0        7.0        50.0       754.0      1063.0     10.0
C37        c          14.0       3.0        8.0        2.0        6.0        25.0       416.0      765.0      10.0
C38        c          23.0       77.0       9.0        3.0        6.0        30.0       463.0      1021.0     10.0
C55        c          31.0       35.0       34.0       30.0       4.0        35.0       387.0      850.0      10.0
C59        c          33.0       36.0       14.0       13.0       1.0        50.0       547.0      592.0      10.0
C87        c          36.0       31.0       10.0       9.0        1.0        35.0       201.0      1090.0     10.0
C93        c          18.0       52.0       17.0       6.0        11.0       35.0       490.0      611.0      10.0
C95        c          6.0        49.0       5.0        1.0        4.0        35.0       554.0      767.0      10.0

L Large vehicle loading capacity /2000.0/
C Electric vehicle loading capacity /250.0/
Q Electric vehicle battery capacity /267.2/
r Fuel consumption rate /1.0/
g Inverse refueling rate /0.1/
v Average velocity /1.0/
