StringID   Type       x          y          demand     DeliveryDemand  PickupDemand  DivisionRate ReadyTime  DueDate    ServiceTime
D0         d          50.0       150.0      0.0        0.0        0.0        0.0        0.0        9999.0     0.0
S1         s          50.0       25.0       0.0        0.0        0.0        0.0        0.0        9999.0     0.0
S6         s          50.0       75.0       0.0        0.0        0.0        0.0        0.0        9999.0     0.0
F_sS1      f          50.0       25.0       0.0        0.0        0.0        0.0        0.0        9999.0     0.0
F_sS6      f          50.0       75.0       0.0        0.0        0.0        0.0        0.0        9999.0     0.0
F12        f          27.0       54.0       0.0        0.0        0.0        0.0        0.0        9999.0     0.0
F18        f          22.0       47.0       0.0        0.0        0.0        0.0        0.0        9999.0     0.0
F13        f          26.0       53.0       0.0        0.0        0.0        0.0        0.0        9999.0     0.0
F8         f          69.0       14.0       0.0        0.0        0.0        0.0        0.0        9999.0     0.0
C9         c          46.0       33.0       31.0       22.0       9.0        20.0       366.0      1012.0     10.0
C16        c          67.0       65.0       2.0        2.0        0.0        35.0       862.0      951.0      10.0
C17        c          28.0       62.0       23.0       10.0       13.0       20.0       476.0      652.0      10.0
C18        c          38.0       32.0       24.0       20.0       4.0        35.0       288.0      430.0      10.0
C26        c          38.0       77.0       10.0       5.0        5.0        40.0       414.0      846.0      10.0
C27        c          21.0       56.0       2.0        1.0        1.0        30.0       446.0      616.0      10.0
C36        c          25.0       64.0       15.0       6.0        9.0        35.0       335.0      481.0      10.0
C46        c          43.0       77.0       22.0       12.0       10.0       30.0       430.0      563.0      10.0
C48        c          59.0       49.0       8.0        7.0        1.0        30.0       653.0      916.0      10.0
C50        c          13.0       22.0       9.0        5.0        4.0        45.0       406.0      546.0      10.0
C51        c          65.0       51.0       33.0       26.0       7.0        30.0       207.0      296.0      10.0
C53        c          32.0       64.0       7.0        4.0        3.0        40.0       323.0      956.0      10.0
C71        c          31.0       50.0       3.0        2.0        1.0        30.0       245.0      452.0      10.0
C77        c          28.0       36.0       12.0       9.0        3.0        40.0       546.0      943.0      10.0
C94        c          34.0       36.0       13.0       12.0       1.0        35.0       802.0      957.0      10.0

L Large vehicle loading capacity /2000.0/
C Electric vehicle loading capacity /250.0/
Q Electric vehicle battery capacity /267.2/
r Fuel consumption rate /1.0/
g Inverse refueling rate /0.1/
v Average velocity /1.0/
