StringID   Type       x          y          demand     DeliveryDemand  PickupDemand  DivisionRate ReadyTime  DueDate    ServiceTime
D0         d          50.0       150.0      0.0        0.0        0.0        0.0        0.0        9999.0     0.0
S1         s          50.0       25.0       0.0        0.0        0.0        0.0        0.0        9999.0     0.0
S6         s          50.0       75.0       0.0        0.0        0.0        0.0        0.0        9999.0     0.0
F_sS1      f          50.0       25.0       0.0        0.0        0.0        0.0        0.0        9999.0     0.0
F_sS6      f          50.0       75.0       0.0        0.0        0.0        0.0        0.0        9999.0     0.0
F6         f          60.0       5.0        0.0        0.0        0.0        0.0        0.0        9999.0     0.0
F19        f          63.0       61.0       0.0        0.0        0.0        0.0        0.0        9999.0     0.0
F4         f          62.0       25.0       0.0        0.0        0.0        0.0        0.0        9999.0     0.0
F20        f          12.0       61.0       0.0        0.0        0.0        0.0        0.0        9999.0     0.0
C13        c          13.0       62.0       1.0        0.0        1.0        45.0       233.0      935.0      10.0
C16        c          41.0       57.0       16.0       12.0       4.0        45.0       274.0      931.0      10.0
C25        c          36.0       35.0       8.0        8.0        0.0        25.0       223.0      876.0      10.0
C28        c          11.0       40.0       10.0       3.0        7.0        25.0       391.0      658.0      10.0
C29        c          15.0       48.0       7.0        2.0        5.0        30.0       399.0      711.0      10.0
C41        c          66.0       56.0       14.0       12.0       2.0        20.0       208.0      846.0      10.0
C42        c          36.0       52.0       3.0        2.0        1.0        40.0       387.0      466.0      10.0
C52        c          56.0       24.0       19.0       8.0        11.0       35.0       689.0      1096.0     10.0
C56        c          10.0       44.0       15.0       3.0        12.0       25.0       228.0      240.0      10.0
C68        c          2.0        47.0       21.0       1.0        20.0       25.0       925.0      961.0      10.0
C83        c          12.0       57.0       18.0       4.0        14.0       35.0       123.0      467.0      10.0
C86        c          27.0       65.0       23.0       10.0       13.0       35.0       130.0      657.0      10.0
C88        c          12.0       43.0       18.0       5.0        13.0       35.0       679.0      1001.0     10.0
C90        c          28.0       39.0       18.0       13.0       5.0        50.0       187.0      262.0      10.0
C91        c          32.0       70.0       28.0       13.0       15.0       30.0       355.0      914.0      10.0

L Large vehicle loading capacity /2000.0/
C Electric vehicle loading capacity /250.0/
Q Electric vehicle battery capacity /267.2/
r Fuel consumption rate /1.0/
g Inverse refueling rate /0.1/
v Average velocity /1.0/
