StringID   Type       x          y          demand     DeliveryDemand  PickupDemand  DivisionRate ReadyTime  DueDate    ServiceTime
D0         d          50.0       150.0      0.0        0.0        0.0        0.0        0.0        9999.0     0.0
S1         s          50.0       25.0       0.0        0.0        0.0        0.0        0.0        9999.0     0.0
S6         s          50.0       75.0       0.0        0.0        0.0        0.0        0.0        9999.0     0.0
F_sS1      f          50.0       25.0       0.0        0.0        0.0        0.0        0.0        9999.0     0.0
F_sS6      f          50.0       75.0       0.0        0.0        0.0        0.0        0.0        9999.0     0.0
F0         f          11.0       27.0       0.0        0.0        0.0        0.0        0.0        9999.0     0.0
F1         f          33.0       5.0        0.0        0.0        0.0        0.0        0.0        9999.0     0.0
F3         f          37.0       24.0       0.0        0.0        0.0        0.0        0.0        9999.0     0.0
F19        f          19.0       14.0       0.0        0.0        0.0        0.0        0.0        9999.0     0.0
C7         c          2.0        44.0       10.0       0.0        10.0       45.0       376.0      610.0      10.0
C15        c          32.0       12.0       7.0        3.0        4.0        40.0       183.0      299.0      10.0
C17        c          26.0       47.0       31.0       17.0       14.0       50.0       120.0      233.0      10.0
C21        c          42.0       30.0       19.0       14.0       5.0        45.0       223.0      592.0      10.0
C24        c          2.0        26.0       17.0       1.0        16.0       30.0       409.0      574.0      10.0
C44        c          53.0       38.0       16.0       11.0       5.0        40.0       257.0      552.0      10.0
C45        c          21.0       41.0       23.0       12.0       11.0       35.0       185.0      320.0      10.0
C58        c          48.0       55.0       23.0       20.0       3.0        40.0       518.0      911.0      10.0
C60        c          43.0       31.0       8.0        6.0        2.0        45.0       198.0      530.0      10.0
C75        c          49.0       36.0       7.0        5.0        2.0        35.0       694.0      802.0      10.0
C84        c          15.0       19.0       16.0       13.0       3.0        20.0       836.0      864.0      10.0
C85        c          26.0       26.0       16.0       16.0       0.0        35.0       335.0      611.0      10.0
C87        c          23.0       27.0       15.0       13.0       2.0        35.0       309.0      358.0      10.0
C90        c          25.0       77.0       1.0        0.0        1.0        20.0       867.0      1009.0     10.0
C92        c          2.0        3.0        13.0       9.0        4.0        40.0       309.0      381.0      10.0

L Large vehicle loading capacity /2000.0/
C Electric vehicle loading capacity /250.0/
Q Electric vehicle battery capacity /267.2/
r Fuel consumption rate /1.0/
g Inverse refueling rate /0.1/
v Average velocity /1.0/
