StringID   Type       x          y          demand     DeliveryDemand  PickupDemand  DivisionRate ReadyTime  DueDate    ServiceTime
D0         d          50.0       150.0      0.0        0.0        0.0        0.0        0.0        9999.0     0.0
S1         s          50.0       25.0       0.0        0.0        0.0        0.0        0.0        9999.0     0.0
S6         s          50.0       75.0       0.0        0.0        0.0        0.0        0.0        9999.0     0.0
F_sS1      f          50.0       25.0       0.0        0.0        0.0        0.0        0.0        9999.0     0.0
F_sS6      f          50.0       75.0       0.0        0.0        0.0        0.0        0.0        9999.0     0.0
F8         f          7.0        40.0       0.0        0.0        0.0        0.0        0.0        9999.0     0.0
F4         f          29.0       5.0        0.0        0.0        0.0        0.0        0.0        9999.0     0.0
F6         f          14.0       75.0       0.0        0.0        0.0        0.0        0.0        9999.0     0.0
F19        f          38.0       52.0       0.0        0.0        0.0        0.0        0.0        9999.0     0.0
C1         c          11.0       3.0        26.0       7.0        19.0       40.0       137.0      294.0      10.0
C10        c          62.0       68.0       12.0       11.0       1.0        35.0       438.0      790.0      10.0
C15        c          51.0       20.0       17.0       7.0        10.0       40.0       369.0      1062.0     10.0
C17        c          2.0        25.0       6.0        0.0        6.0        40.0       904.0      941.0      10.0
C19        c          43.0       54.0       27.0       22.0       5.0        40.0       647.0      1047.0     10.0
C20        c          58.0       11.0       26.0       5.0        21.0       40.0       772.0      786.0      10.0
C22        c          28.0       47.0       4.0        2.0        2.0        30.0       333.0      714.0      10.0
C23        c          66.0       42.0       2.0        1.0        1.0        50.0       551.0      821.0      10.0
C43        c          14.0       34.0       21.0       9.0        12.0       40.0       162.0      299.0      10.0
C45        c          28.0       55.0       20.0       10.0       10.0       25.0       327.0      486.0      10.0
C46        c          36.0       43.0       1.0        1.0        0.0        20.0       293.0      716.0      10.0
C55        c          11.0       3.0        1.0        0.0        1.0        40.0       282.0      929.0      10.0
C71        c          42.0       39.0       20.0       19.0       1.0        40.0       372.0      1054.0     10.0
C82        c          42.0       55.0       17.0       13.0       4.0        45.0       836.0      942.0      10.0
C85        c          61.0       18.0       13.0       4.0        9.0        45.0       619.0      662.0      10.0

L Large vehicle loading capacity /2000.0/
C Electric vehicle loading capacity /250.0/
Q Electric vehicle battery capacity /267.2/
r Fuel consumption rate /1.0/
g Inverse refueling rate /0.1/
v Average velocity /1.0/
