StringID   Type       x          y          demand     DeliveryDemand  PickupDemand  DivisionRate ReadyTime  DueDate    ServiceTime
D0         d          50.0       150.0      0.0        0.0        0.0        0.0        0.0        9999.0     0.0
S1         s          50.0       25.0       0.0        0.0        0.0        0.0        0.0        9999.0     0.0
S6         s          50.0       75.0       0.0        0.0        0.0        0.0        0.0        9999.0     0.0
F_sS1      f          50.0       25.0       0.0        0.0        0.0        0.0        0.0        9999.0     0.0
F_sS6      f          50.0       75.0       0.0        0.0        0.0        0.0        0.0        9999.0     0.0
F4         f          13.0       23.0       0.0        0.0        0.0        0.0        0.0        9999.0     0.0
F6         f          44.0       5.0        0.0        0.0        0.0        0.0        0.0        9999.0     0.0
F7         f          45.0       46.0       0.0        0.0        0.0        0.0        0.0        9999.0     0.0
F17        f          46.0       14.0       0.0        0.0        0.0        0.0        0.0        9999.0     0.0
C19        c          11.0       21.0       13.0       7.0        6.0        35.0       947.0      965.0      10.0
C32        c          10.0       56.0       16.0       3.0        13.0       50.0       294.0      1091.0     10.0
C33        c          12.0       29.0       6.0        2.0        4.0        30.0       407.0      862.0      10.0
C37        c          41.0       55.0       18.0       13.0       5.0        30.0       162.0      462.0      10.0
C38        c          27.0       30.0       17.0       15.0       2.0        50.0       463.0      819.0      10.0
C41        c          2.0        60.0       21.0       1.0        20.0       40.0       349.0      610.0      10.0
C48        c          35.0       58.0       21.0       13.0       8.0        20.0       725.0      729.0      10.0
C50        c          34.0       37.0       23.0       21.0       2.0        45.0       177.0      652.0      10.0
C55        c          38.0       27.0       12.0       9.0        3.0        50.0       611.0      649.0      10.0
C57        c          66.0       63.0       8.0        8.0        0.0        40.0       306.0      521.0      10.0
C62        c          55.0       58.0       22.0       21.0       1.0        45.0       419.0      678.0      10.0
C71        c          32.0       32.0       22.0       22.0       0.0        40.0       509.0      668.0      10.0
C80        c          42.0       41.0       19.0       19.0       0.0        45.0       125.0      1002.0     10.0
C83        c          47.0       55.0       18.0       15.0       3.0        40.0       833.0      972.0      10.0
C88        c          39.0       50.0       10.0       8.0        2.0        35.0       363.0      889.0      10.0

L Large vehicle loading capacity /2000.0/
C Electric vehicle loading capacity /250.0/
Q Electric vehicle battery capacity /267.2/
r Fuel consumption rate /1.0/
g Inverse refueling rate /0.1/
v Average velocity /1.0/
