StringID   Type       x          y          demand     DeliveryDemand  PickupDemand  DivisionRate ReadyTime  DueDate    ServiceTime
D0         d          50.0       150.0      0.0        0.0        0.0        0.0        0.0        9999.0     0.0
S1         s          50.0       25.0       0.0        0.0        0.0        0.0        0.0        9999.0     0.0
S6         s          50.0       75.0       0.0        0.0        0.0        0.0        0.0        9999.0     0.0
F_sS1      f          50.0       25.0       0.0        0.0        0.0        0.0        0.0        9999.0     0.0
F_sS6      f          50.0       75.0       0.0        0.0        0.0        0.0        0.0        9999.0     0.0
F19        f          46.0       74.0       0.0        0.0        0.0        0.0        0.0        9999.0     0.0
F4         f          50.0       40.0       0.0        0.0        0.0        0.0        0.0        9999.0     0.0
F10        f          21.0       48.0       0.0        0.0        0.0        0.0        0.0        9999.0     0.0
F13        f          39.0       15.0       0.0        0.0        0.0        0.0        0.0        9999.0     0.0
C5         c          14.0       54.0       22.0       6.0        16.0       35.0       198.0      395.0      10.0
C6         c          9.0        31.0       12.0       3.0        9.0        20.0       572.0      621.0      10.0
C16        c          17.0       40.0       7.0        3.0        4.0        30.0       321.0      409.0      10.0
C17        c          67.0       10.0       20.0       3.0        17.0       45.0       121.0      1038.0     10.0
C24        c          42.0       43.0       17.0       17.0       0.0        45.0       618.0      643.0      10.0
C25        c          8.0        3.0        18.0       7.0        11.0       35.0       220.0      521.0      10.0
C29        c          58.0       51.0       20.0       18.0       2.0        40.0       402.0      949.0      10.0
C33        c          35.0       23.0       27.0       18.0       9.0        50.0       186.0      591.0      10.0
C39        c          39.0       60.0       11.0       7.0        4.0        30.0       355.0      477.0      10.0
C42        c          17.0       54.0       17.0       5.0        12.0       50.0       247.0      252.0      10.0
C58        c          17.0       31.0       6.0        3.0        3.0        20.0       340.0      974.0      10.0
C68        c          40.0       62.0       20.0       13.0       7.0        30.0       210.0      798.0      10.0
C83        c          29.0       23.0       27.0       21.0       6.0        20.0       289.0      479.0      10.0
C85        c          26.0       32.0       17.0       14.0       3.0        30.0       834.0      1018.0     10.0
C96        c          47.0       65.0       17.0       12.0       5.0        30.0       865.0      973.0      10.0

L Large vehicle loading capacity /2000.0/
C Electric vehicle loading capacity /250.0/
Q Electric vehicle battery capacity /267.2/
r Fuel consumption rate /1.0/
g Inverse refueling rate /0.1/
v Average velocity /1.0/
