StringID   Type       x          y          demand     DeliveryDemand  PickupDemand  DivisionRate ReadyTime  DueDate    ServiceTime
D0         d          50.0       150.0      0.0        0.0        0.0        0.0        0.0        9999.0     0.0
S1         s          50.0       25.0       0.0        0.0        0.0        0.0        0.0        9999.0     0.0
S6         s          50.0       75.0       0.0        0.0        0.0        0.0        0.0        9999.0     0.0
F_sS1      f          50.0       25.0       0.0        0.0        0.0        0.0        0.0        9999.0     0.0
F_sS6      f          50.0       75.0       0.0        0.0        0.0        0.0        0.0        9999.0     0.0
F20        f          39.0       16.0       0.0        0.0        0.0        0.0        0.0        9999.0     0.0
F13        f          46.0       25.0       0.0        0.0        0.0        0.0        0.0        9999.0     0.0
F2         f          68.0       56.0       0.0        0.0        0.0        0.0        0.0        9999.0     0.0
F16        f          57.0       51.0       0.0        0.0        0.0        0.0        0.0        9999.0     0.0
C12        c          30.0       71.0       18.0       8.0        10.0       30.0       819.0      878.0      10.0
C22        c          32.0       66.0       10.0       5.0        5.0        30.0       923.0      936.0      10.0
C29        c          30.0       49.0       28.0       17.0       11.0       30.0       260.0      489.0      10.0
C34        c          50.0       44.0       7.0        6.0        1.0        30.0       494.0      1072.0     10.0
C41        c          18.0       28.0       6.0        4.0        2.0        35.0       139.0      1031.0     10.0
C50        c          2.0        48.0       22.0       1.0        21.0       30.0       315.0      518.0      10.0
C59        c          50.0       77.0       5.0        3.0        2.0        50.0       516.0      979.0      10.0
C65        c          54.0       15.0       3.0        1.0        2.0        45.0       820.0      946.0      10.0
C71        c          2.0        35.0       11.0       1.0        10.0       35.0       679.0      1031.0     10.0
C72        c          66.0       40.0       1.0        1.0        0.0        35.0       635.0      743.0      10.0
C76        c          58.0       24.0       14.0       6.0        8.0        40.0       580.0      628.0      10.0
C85        c          49.0       28.0       29.0       17.0       12.0       45.0       397.0      998.0      10.0
C87        c          25.0       29.0       8.0        7.0        1.0        45.0       368.0      987.0      10.0
C91        c          52.0       20.0       5.0        2.0        3.0        25.0       640.0      718.0      10.0
C99        c          23.0       36.0       6.0        4.0        2.0        20.0       584.0      894.0      10.0

L Large vehicle loading capacity /2000.0/
C Electric vehicle loading capacity /250.0/
Q Electric vehicle battery capacity /267.2/
r Fuel consumption rate /1.0/
g Inverse refueling rate /0.1/
v Average velocity /1.0/
