StringID   Type       x          y          demand     DeliveryDemand  PickupDemand  DivisionRate ReadyTime  DueDate    ServiceTime
D0         d          50.0       150.0      0.0        0.0        0.0        0.0        0.0        9999.0     0.0
S1         s          50.0       25.0       0.0        0.0        0.0        0.0        0.0        9999.0     0.0
S6         s          50.0       75.0       0.0        0.0        0.0        0.0        0.0        9999.0     0.0
F_sS1      f          50.0       25.0       0.0        0.0        0.0        0.0        0.0        9999.0     0.0
F_sS6      f          50.0       75.0       0.0        0.0        0.0        0.0        0.0        9999.0     0.0
F13        f          5.0        55.0       0.0        0.0        0.0        0.0        0.0        9999.0     0.0
F14        f          30.0       24.0       0.0        0.0        0.0        0.0        0.0        9999.0     0.0
F3         f          56.0       42.0       0.0        0.0        0.0        0.0        0.0        9999.0     0.0
F10        f          21.0       41.0       0.0        0.0        0.0        0.0        0.0        9999.0     0.0
C31        c          67.0       32.0       1.0        0.0        1.0        45.0       705.0      983.0      10.0
C42        c          40.0       18.0       5.0        2.0        3.0        45.0       461.0      771.0      10.0
C45        c          2.0        38.0       23.0       1.0        22.0       35.0       389.0      686.0      10.0
C46        c          40.0       42.0       14.0       13.0       1.0        20.0       474.0      687.0      10.0
C60        c          12.0       56.0       7.0        2.0        5.0        50.0       955.0      1075.0     10.0
C65        c          20.0       31.0       27.0       17.0       10.0       50.0       331.0      900.0      10.0
C66        c          40.0       28.0       16.0       11.0       5.0        40.0       565.0      709.0      10.0
C67        c          24.0       69.0       20.0       7.0        13.0       45.0       337.0      812.0      10.0
C70        c          46.0       53.0       27.0       23.0       4.0        45.0       485.0      662.0      10.0
C72        c          16.0       57.0       13.0       4.0        9.0        50.0       383.0      1073.0     10.0
C82        c          66.0       21.0       10.0       3.0        7.0        35.0       704.0      792.0      10.0
C85        c          53.0       47.0       7.0        6.0        1.0        40.0       349.0      522.0      10.0
C89        c          15.0       23.0       3.0        2.0        1.0        25.0       948.0      1019.0     10.0
C94        c          47.0       63.0       32.0       24.0       8.0        40.0       510.0      938.0      10.0
C98        c          32.0       40.0       23.0       18.0       5.0        20.0       363.0      904.0      10.0

L Large vehicle loading capacity /2000.0/
C Electric vehicle loading capacity /250.0/
Q Electric vehicle battery capacity /267.2/
r Fuel consumption rate /1.0/
g Inverse refueling rate /0.1/
v Average velocity /1.0/
