StringID   Type       x          y          demand     DeliveryDemand  PickupDemand  DivisionRate ReadyTime  DueDate    ServiceTime
D0         d          50.0       150.0      0.0        0.0        0.0        0.0        0.0        9999.0     0.0
S1         s          50.0       25.0       0.0        0.0        0.0        0.0        0.0        9999.0     0.0
S6         s          50.0       75.0       0.0        0.0        0.0        0.0        0.0        9999.0     0.0
F_sS1      f          50.0       25.0       0.0        0.0        0.0        0.0        0.0        9999.0     0.0
F_sS6      f          50.0       75.0       0.0        0.0        0.0        0.0        0.0        9999.0     0.0
F8         f          54.0       10.0       0.0        0.0        0.0        0.0        0.0        9999.0     0.0
F12        f          43.0       21.0       0.0        0.0        0.0        0.0        0.0        9999.0     0.0
F3         f          34.0       33.0       0.0        0.0        0.0        0.0        0.0        9999.0     0.0
F5         f          34.0       60.0       0.0        0.0        0.0        0.0        0.0        9999.0     0.0
C2         c          21.0       24.0       11.0       10.0       1.0        20.0       597.0      612.0      10.0
C7         c          58.0       31.0       1.0        1.0        0.0        40.0       141.0      1038.0     10.0
C20        c          35.0       50.0       8.0        6.0        2.0        35.0       330.0      690.0      10.0
C28        c          67.0       37.0       10.0       6.0        4.0        20.0       878.0      888.0      10.0
C36        c          27.0       51.0       1.0        1.0        0.0        50.0       909.0      1059.0     10.0
C41        c          66.0       39.0       16.0       9.0        7.0        25.0       801.0      876.0      10.0
C51        c          61.0       19.0       19.0       6.0        13.0       25.0       283.0      430.0      10.0
C55        c          45.0       35.0       12.0       9.0        3.0        50.0       372.0      666.0      10.0
C57        c          38.0       47.0       9.0        7.0        2.0        30.0       599.0      912.0      10.0
C64        c          37.0       45.0       24.0       20.0       4.0        25.0       345.0      985.0      10.0
C66        c          2.0        31.0       16.0       1.0        15.0       45.0       310.0      938.0      10.0
C67        c          26.0       58.0       5.0        2.0        3.0        25.0       275.0      678.0      10.0
C69        c          40.0       67.0       19.0       11.0       8.0        50.0       198.0      830.0      10.0
C71        c          15.0       41.0       32.0       12.0       20.0       30.0       273.0      967.0      10.0
C85        c          64.0       62.0       12.0       12.0       0.0        30.0       331.0      718.0      10.0

L Large vehicle loading capacity /2000.0/
C Electric vehicle loading capacity /250.0/
Q Electric vehicle battery capacity /267.2/
r Fuel consumption rate /1.0/
g Inverse refueling rate /0.1/
v Average velocity /1.0/
