StringID   Type       x          y          demand     DeliveryDemand  PickupDemand  DivisionRate ReadyTime  DueDate    ServiceTime
D0         d          50.0       150.0      0.0        0.0        0.0        0.0        0.0        9999.0     0.0
S1         s          50.0       25.0       0.0        0.0        0.0        0.0        0.0        9999.0     0.0
S6         s          50.0       75.0       0.0        0.0        0.0        0.0        0.0        9999.0     0.0
F_sS1      f          50.0       25.0       0.0        0.0        0.0        0.0        0.0        9999.0     0.0
F_sS6      f          50.0       75.0       0.0        0.0        0.0        0.0        0.0        9999.0     0.0
F8         f          5.0        43.0       0.0        0.0        0.0        0.0        0.0        9999.0     0.0
F20        f          59.0       47.0       0.0        0.0        0.0        0.0        0.0        9999.0     0.0
F11        f          39.0       62.0       0.0        0.0        0.0        0.0        0.0        9999.0     0.0
F3         f          25.0       23.0       0.0        0.0        0.0        0.0        0.0        9999.0     0.0
C7         c          38.0       35.0       7.0        6.0        1.0        45.0       295.0      893.0      10.0
C20        c          34.0       35.0       6.0        6.0        0.0        30.0       709.0      859.0      10.0
C25        c          40.0       27.0       27.0       18.0       9.0        40.0       571.0      707.0      10.0
C26        c          40.0       25.0       24.0       15.0       9.0        35.0       686.0      993.0      10.0
C31        c          43.0       68.0       7.0        4.0        3.0        45.0       598.0      718.0      10.0
C38        c          32.0       12.0       12.0       4.0        8.0        30.0       436.0      962.0      10.0
C44        c          54.0       59.0       24.0       22.0       2.0        30.0       450.0      567.0      10.0
C50        c          11.0       53.0       21.0       4.0        17.0       40.0       229.0      259.0      10.0
C53        c          39.0       52.0       23.0       17.0       6.0        25.0       331.0      796.0      10.0
C54        c          48.0       3.0        14.0       1.0        13.0       35.0       557.0      849.0      10.0
C72        c          67.0       38.0       7.0        4.0        3.0        35.0       510.0      555.0      10.0
C77        c          21.0       31.0       21.0       14.0       7.0        45.0       357.0      863.0      10.0
C78        c          42.0       19.0       12.0       5.0        7.0        35.0       361.0      557.0      10.0
C84        c          29.0       19.0       12.0       8.0        4.0        20.0       171.0      380.0      10.0
C89        c          63.0       40.0       18.0       11.0       7.0        30.0       634.0      789.0      10.0

L Large vehicle loading capacity /2000.0/
C Electric vehicle loading capacity /250.0/
Q Electric vehicle battery capacity /267.2/
r Fuel consumption rate /1.0/
g Inverse refueling rate /0.1/
v Average velocity /1.0/
