StringID   Type       x          y          demand     DeliveryDemand  PickupDemand  DivisionRate ReadyTime  DueDate    ServiceTime
D0         d          50.0       150.0      0.0        0.0        0.0        0.0        0.0        9999.0     0.0
S1         s          50.0       25.0       0.0        0.0        0.0        0.0        0.0        9999.0     0.0
S6         s          50.0       75.0       0.0        0.0        0.0        0.0        0.0        9999.0     0.0
F_sS1      f          50.0       25.0       0.0        0.0        0.0        0.0        0.0        9999.0     0.0
F_sS6      f          50.0       75.0       0.0        0.0        0.0        0.0        0.0        9999.0     0.0
F1         f          75.0       54.0       0.0        0.0        0.0        0.0        0.0        9999.0     0.0
F17        f          19.0       38.0       0.0        0.0        0.0        0.0        0.0        9999.0     0.0
F3         f          37.0       37.0       0.0        0.0        0.0        0.0        0.0        9999.0     0.0
F16        f          11.0       13.0       0.0        0.0        0.0        0.0        0.0        9999.0     0.0
C2         c          41.0       54.0       13.0       10.0       3.0        30.0       146.0      500.0      10.0
C4         c          67.0       37.0       1.0        1.0        0.0        45.0       894.0      974.0      10.0
C15        c          32.0       44.0       3.0        2.0        1.0        45.0       228.0      382.0      10.0
C20        c          50.0       19.0       6.0        2.0        4.0        50.0       121.0      1058.0     10.0
C30        c          33.0       39.0       11.0       9.0        2.0        35.0       699.0      862.0      10.0
C33        c          21.0       3.0        1.0        0.0        1.0        40.0       527.0      626.0      10.0
C34        c          32.0       73.0       5.0        2.0        3.0        25.0       349.0      1013.0     10.0
C49        c          51.0       27.0       11.0       6.0        5.0        35.0       252.0      298.0      10.0
C58        c          43.0       16.0       6.0        2.0        4.0        45.0       197.0      469.0      10.0
C67        c          23.0       13.0       20.0       11.0       9.0        20.0       331.0      954.0      10.0
C69        c          6.0        63.0       13.0       1.0        12.0       30.0       386.0      1043.0     10.0
C76        c          21.0       15.0       23.0       16.0       7.0        45.0       315.0      713.0      10.0
C79        c          11.0       36.0       13.0       4.0        9.0        45.0       266.0      949.0      10.0
C82        c          3.0        56.0       1.0        0.0        1.0        20.0       558.0      1083.0     10.0
C97        c          37.0       15.0       10.0       4.0        6.0        20.0       510.0      1003.0     10.0

L Large vehicle loading capacity /2000.0/
C Electric vehicle loading capacity /250.0/
Q Electric vehicle battery capacity /267.2/
r Fuel consumption rate /1.0/
g Inverse refueling rate /0.1/
v Average velocity /1.0/
