StringID   Type       x          y          demand     DeliveryDemand  PickupDemand  DivisionRate ReadyTime  DueDate    ServiceTime
D0         d          50.0       150.0      0.0        0.0        0.0        0.0        0.0        9999.0     0.0
S1         s          50.0       25.0       0.0        0.0        0.0        0.0        0.0        9999.0     0.0
S6         s          50.0       75.0       0.0        0.0        0.0        0.0        0.0        9999.0     0.0
F_sS1      f          50.0       25.0       0.0        0.0        0.0        0.0        0.0        9999.0     0.0
F_sS6      f          50.0       75.0       0.0        0.0        0.0        0.0        0.0        9999.0     0.0
F16        f          51.0       53.0       0.0        0.0        0.0        0.0        0.0        9999.0     0.0
F2         f          7.0        74.0       0.0        0.0        0.0        0.0        0.0        9999.0     0.0
F20        f          31.0       29.0       0.0        0.0        0.0        0.0        0.0        9999.0     0.0
F3         f          55.0       33.0       0.0        0.0        0.0        0.0        0.0        9999.0     0.0
C7         c          52.0       17.0       11.0       4.0        7.0        30.0       121.0      786.0      10.0
C19        c          41.0       10.0       18.0       4.0        14.0       35.0       705.0      873.0      10.0
C25        c          25.0       62.0       35.0       14.0       21.0       25.0       510.0      863.0      10.0
C31        c          47.0       39.0       15.0       12.0       3.0        35.0       379.0      569.0      10.0
C32        c          42.0       77.0       24.0       13.0       11.0       45.0       975.0      1051.0     10.0
C43        c          16.0       52.0       10.0       3.0        7.0        50.0       387.0      846.0      10.0
C45        c          25.0       53.0       15.0       7.0        8.0        30.0       300.0      632.0      10.0
C49        c          28.0       67.0       19.0       8.0        11.0       50.0       503.0      995.0      10.0
C63        c          14.0       68.0       26.0       5.0        21.0       35.0       252.0      492.0      10.0
C64        c          63.0       69.0       8.0        7.0        1.0        45.0       157.0      782.0      10.0
C69        c          66.0       3.0        9.0        0.0        9.0        40.0       531.0      939.0      10.0
C74        c          45.0       38.0       33.0       28.0       5.0        45.0       577.0      823.0      10.0
C79        c          36.0       22.0       12.0       7.0        5.0        40.0       930.0      1062.0     10.0
C89        c          37.0       61.0       9.0        5.0        4.0        35.0       184.0      225.0      10.0
C98        c          33.0       55.0       29.0       17.0       12.0       30.0       254.0      738.0      10.0

L Large vehicle loading capacity /2000.0/
C Electric vehicle loading capacity /250.0/
Q Electric vehicle battery capacity /267.2/
r Fuel consumption rate /1.0/
g Inverse refueling rate /0.1/
v Average velocity /1.0/
