StringID   Type       x          y          demand     DeliveryDemand  PickupDemand  DivisionRate ReadyTime  DueDate    ServiceTime
D0         d          50.0       150.0      0.0        0.0        0.0        0.0        0.0        9999.0     0.0
S1         s          50.0       25.0       0.0        0.0        0.0        0.0        0.0        9999.0     0.0
S6         s          50.0       75.0       0.0        0.0        0.0        0.0        0.0        9999.0     0.0
F_sS1      f          50.0       25.0       0.0        0.0        0.0        0.0        0.0        9999.0     0.0
F_sS6      f          50.0       75.0       0.0        0.0        0.0        0.0        0.0        9999.0     0.0
F14        f          48.0       22.0       0.0        0.0        0.0        0.0        0.0        9999.0     0.0
F13        f          36.0       75.0       0.0        0.0        0.0        0.0        0.0        9999.0     0.0
F11        f          15.0       44.0       0.0        0.0        0.0        0.0        0.0        9999.0     0.0
F3         f          67.0       21.0       0.0        0.0        0.0        0.0        0.0        9999.0     0.0
C0         c          16.0       25.0       18.0       12.0       6.0        30.0       285.0      314.0      10.0
C2         c          31.0       40.0       12.0       9.0        3.0        40.0       231.0      746.0      10.0
C15        c          45.0       50.0       23.0       21.0       2.0        40.0       266.0      600.0      10.0
C16        c          39.0       31.0       15.0       12.0       3.0        45.0       390.0      693.0      10.0
C17        c          28.0       3.0        8.0        1.0        7.0        40.0       807.0      1055.0     10.0
C18        c          17.0       54.0       17.0       5.0        12.0       40.0       207.0      294.0      10.0
C21        c          36.0       29.0       27.0       22.0       5.0        40.0       555.0      716.0      10.0
C24        c          31.0       48.0       9.0        6.0        3.0        35.0       389.0      897.0      10.0
C29        c          22.0       52.0       29.0       12.0       17.0       50.0       425.0      1095.0     10.0
C32        c          27.0       20.0       18.0       13.0       5.0        30.0       419.0      686.0      10.0
C35        c          55.0       34.0       14.0       9.0        5.0        35.0       339.0      813.0      10.0
C50        c          49.0       20.0       12.0       5.0        7.0        35.0       142.0      1041.0     10.0
C57        c          16.0       8.0        33.0       16.0       17.0       20.0       439.0      973.0      10.0
C77        c          50.0       35.0       14.0       10.0       4.0        20.0       268.0      694.0      10.0
C85        c          22.0       34.0       20.0       13.0       7.0        35.0       343.0      484.0      10.0

L Large vehicle loading capacity /2000.0/
C Electric vehicle loading capacity /250.0/
Q Electric vehicle battery capacity /267.2/
r Fuel consumption rate /1.0/
g Inverse refueling rate /0.1/
v Average velocity /1.0/
