StringID   Type       x          y          demand     DeliveryDemand  PickupDemand  DivisionRate ReadyTime  DueDate    ServiceTime
D0         d          50.0       150.0      0.0        0.0        0.0        0.0        0.0        9999.0     0.0
S1         s          50.0       25.0       0.0        0.0        0.0        0.0        0.0        9999.0     0.0
S6         s          50.0       75.0       0.0        0.0        0.0        0.0        0.0        9999.0     0.0
F_sS1      f          50.0       25.0       0.0        0.0        0.0        0.0        0.0        9999.0     0.0
F_sS6      f          50.0       75.0       0.0        0.0        0.0        0.0        0.0        9999.0     0.0
F5         f          33.0       28.0       0.0        0.0        0.0        0.0        0.0        9999.0     0.0
F4         f          44.0       75.0       0.0        0.0        0.0        0.0        0.0        9999.0     0.0
F15        f          26.0       35.0       0.0        0.0        0.0        0.0        0.0        9999.0     0.0
F3         f          28.0       75.0       0.0        0.0        0.0        0.0        0.0        9999.0     0.0
C1         c          61.0       60.0       23.0       23.0       0.0        30.0       216.0      241.0      10.0
C11        c          19.0       33.0       3.0        2.0        1.0        35.0       390.0      811.0      10.0
C15        c          54.0       51.0       41.0       39.0       2.0        40.0       576.0      617.0      10.0
C16        c          39.0       52.0       14.0       10.0       4.0        40.0       959.0      1092.0     10.0
C18        c          38.0       31.0       16.0       13.0       3.0        20.0       488.0      770.0      10.0
C20        c          36.0       30.0       7.0        6.0        1.0        30.0       149.0      917.0      10.0
C29        c          46.0       74.0       24.0       15.0       9.0        50.0       650.0      795.0      10.0
C33        c          20.0       3.0        16.0       2.0        14.0       40.0       316.0      643.0      10.0
C55        c          16.0       28.0       21.0       12.0       9.0        30.0       487.0      847.0      10.0
C58        c          65.0       47.0       16.0       12.0       4.0        40.0       271.0      284.0      10.0
C62        c          45.0       45.0       1.0        1.0        0.0        40.0       222.0      707.0      10.0
C72        c          41.0       3.0        13.0       1.0        12.0       40.0       819.0      965.0      10.0
C75        c          46.0       34.0       16.0       12.0       4.0        30.0       544.0      706.0      10.0
C81        c          50.0       33.0       13.0       9.0        4.0        30.0       748.0      958.0      10.0
C94        c          8.0        22.0       16.0       6.0        10.0       50.0       147.0      922.0      10.0

L Large vehicle loading capacity /2000.0/
C Electric vehicle loading capacity /250.0/
Q Electric vehicle battery capacity /267.2/
r Fuel consumption rate /1.0/
g Inverse refueling rate /0.1/
v Average velocity /1.0/
