StringID   Type       x          y          demand     DeliveryDemand  PickupDemand  DivisionRate ReadyTime  DueDate    ServiceTime
D0         d          50.0       150.0      0.0        0.0        0.0        0.0        0.0        9999.0     0.0
S1         s          50.0       25.0       0.0        0.0        0.0        0.0        0.0        9999.0     0.0
S6         s          50.0       75.0       0.0        0.0        0.0        0.0        0.0        9999.0     0.0
F_sS1      f          50.0       25.0       0.0        0.0        0.0        0.0        0.0        9999.0     0.0
F_sS6      f          50.0       75.0       0.0        0.0        0.0        0.0        0.0        9999.0     0.0
F14        f          21.0       75.0       0.0        0.0        0.0        0.0        0.0        9999.0     0.0
F19        f          35.0       33.0       0.0        0.0        0.0        0.0        0.0        9999.0     0.0
F4         f          36.0       36.0       0.0        0.0        0.0        0.0        0.0        9999.0     0.0
F3         f          42.0       75.0       0.0        0.0        0.0        0.0        0.0        9999.0     0.0
C8         c          41.0       41.0       25.0       25.0       0.0        35.0       164.0      242.0      10.0
C21        c          44.0       45.0       19.0       19.0       0.0        45.0       574.0      790.0      10.0
C26        c          57.0       16.0       15.0       4.0        11.0       50.0       357.0      470.0      10.0
C34        c          18.0       37.0       8.0        4.0        4.0        45.0       129.0      286.0      10.0
C35        c          54.0       45.0       19.0       16.0       3.0        40.0       793.0      963.0      10.0
C55        c          42.0       30.0       23.0       16.0       7.0        30.0       629.0      843.0      10.0
C56        c          60.0       53.0       8.0        7.0        1.0        30.0       865.0      987.0      10.0
C71        c          23.0       51.0       21.0       9.0        12.0       40.0       156.0      378.0      10.0
C76        c          27.0       36.0       5.0        4.0        1.0        30.0       709.0      906.0      10.0
C77        c          30.0       38.0       23.0       18.0       5.0        35.0       544.0      1071.0     10.0
C81        c          2.0        22.0       22.0       2.0        20.0       35.0       221.0      727.0      10.0
C83        c          67.0       56.0       14.0       12.0       2.0        25.0       218.0      277.0      10.0
C90        c          18.0       26.0       7.0        5.0        2.0        35.0       452.0      471.0      10.0
C93        c          27.0       19.0       27.0       19.0       8.0        40.0       259.0      960.0      10.0
C94        c          3.0        37.0       14.0       1.0        13.0       35.0       475.0      701.0      10.0

L Large vehicle loading capacity /2000.0/
C Electric vehicle loading capacity /250.0/
Q Electric vehicle battery capacity /267.2/
r Fuel consumption rate /1.0/
g Inverse refueling rate /0.1/
v Average velocity /1.0/
