StringID   Type       x          y          demand     DeliveryDemand  PickupDemand  DivisionRate ReadyTime  DueDate    ServiceTime
D0         d          50.0       150.0      0.0        0.0        0.0        0.0        0.0        9999.0     0.0
S1         s          50.0       25.0       0.0        0.0        0.0        0.0        0.0        9999.0     0.0
S6         s          50.0       75.0       0.0        0.0        0.0        0.0        0.0        9999.0     0.0
F_sS1      f          50.0       25.0       0.0        0.0        0.0        0.0        0.0        9999.0     0.0
F_sS6      f          50.0       75.0       0.0        0.0        0.0        0.0        0.0        9999.0     0.0
F6         f          52.0       27.0       0.0        0.0        0.0        0.0        0.0        9999.0     0.0
F10        f          68.0       50.0       0.0        0.0        0.0        0.0        0.0        9999.0     0.0
F17        f          21.0       55.0       0.0        0.0        0.0        0.0        0.0        9999.0     0.0
F7         f          69.0       7.0        0.0        0.0        0.0        0.0        0.0        9999.0     0.0
C0         c          2.0        28.0       32.0       2.0        30.0       30.0       258.0      295.0      10.0
C7         c          57.0       40.0       10.0       7.0        3.0        35.0       660.0      843.0      10.0
C12        c          30.0       50.0       27.0       16.0       11.0       50.0       680.0      1042.0     10.0
C15        c          49.0       4.0        21.0       2.0        19.0       45.0       710.0      1084.0     10.0
C30        c          2.0        47.0       2.0        0.0        2.0        20.0       456.0      818.0      10.0
C39        c          35.0       16.0       16.0       7.0        9.0        50.0       563.0      1086.0     10.0
C40        c          25.0       60.0       13.0       5.0        8.0        35.0       255.0      951.0      10.0
C42        c          28.0       69.0       24.0       10.0       14.0       50.0       399.0      896.0      10.0
C48        c          35.0       9.0        27.0       7.0        20.0       25.0       282.0      800.0      10.0
C50        c          42.0       38.0       30.0       27.0       3.0        25.0       280.0      321.0      10.0
C51        c          32.0       10.0       20.0       6.0        14.0       30.0       342.0      1087.0     10.0
C53        c          33.0       24.0       14.0       10.0       4.0        35.0       424.0      711.0      10.0
C54        c          39.0       30.0       26.0       20.0       6.0        50.0       379.0      528.0      10.0
C71        c          41.0       19.0       8.0        4.0        4.0        45.0       261.0      954.0      10.0
C89        c          45.0       72.0       26.0       16.0       10.0       40.0       212.0      298.0      10.0

L Large vehicle loading capacity /2000.0/
C Electric vehicle loading capacity /250.0/
Q Electric vehicle battery capacity /267.2/
r Fuel consumption rate /1.0/
g Inverse refueling rate /0.1/
v Average velocity /1.0/
