StringID   Type       x          y          demand     DeliveryDemand  PickupDemand  DivisionRate ReadyTime  DueDate    ServiceTime
D0         d          50.0       150.0      0.0        0.0        0.0        0.0        0.0        9999.0     0.0
S1         s          50.0       25.0       0.0        0.0        0.0        0.0        0.0        9999.0     0.0
S6         s          50.0       75.0       0.0        0.0        0.0        0.0        0.0        9999.0     0.0
F_sS1      f          50.0       25.0       0.0        0.0        0.0        0.0        0.0        9999.0     0.0
F_sS6      f          50.0       75.0       0.0        0.0        0.0        0.0        0.0        9999.0     0.0
F19        f          34.0       46.0       0.0        0.0        0.0        0.0        0.0        9999.0     0.0
F5         f          59.0       42.0       0.0        0.0        0.0        0.0        0.0        9999.0     0.0
F6         f          0.0        5.0        0.0        0.0        0.0        0.0        0.0        9999.0     0.0
F10        f          36.0       64.0       0.0        0.0        0.0        0.0        0.0        9999.0     0.0
C0         c          2.0        21.0       20.0       2.0        18.0       25.0       322.0      512.0      10.0
C11        c          34.0       21.0       17.0       10.0       7.0        25.0       546.0      831.0      10.0
C17        c          43.0       7.0        23.0       4.0        19.0       40.0       677.0      871.0      10.0
C19        c          43.0       43.0       2.0        2.0        0.0        35.0       227.0      724.0      10.0
C42        c          32.0       33.0       20.0       19.0       1.0        35.0       759.0      966.0      10.0
C44        c          2.0        56.0       8.0        0.0        8.0        35.0       721.0      789.0      10.0
C71        c          23.0       24.0       7.0        7.0        0.0        50.0       277.0      333.0      10.0
C77        c          67.0       3.0        20.0       1.0        19.0       25.0       583.0      851.0      10.0
C78        c          29.0       50.0       3.0        2.0        1.0        25.0       380.0      470.0      10.0
C79        c          64.0       26.0       18.0       7.0        11.0       50.0       904.0      961.0      10.0
C81        c          38.0       30.0       11.0       9.0        2.0        25.0       243.0      1034.0     10.0
C83        c          26.0       20.0       9.0        7.0        2.0        50.0       661.0      742.0      10.0
C88        c          32.0       15.0       9.0        4.0        5.0        25.0       179.0      755.0      10.0
C96        c          30.0       14.0       15.0       7.0        8.0        35.0       518.0      692.0      10.0
C99        c          67.0       27.0       17.0       7.0        10.0       35.0       559.0      679.0      10.0

L Large vehicle loading capacity /2000.0/
C Electric vehicle loading capacity /250.0/
Q Electric vehicle battery capacity /267.2/
r Fuel consumption rate /1.0/
g Inverse refueling rate /0.1/
v Average velocity /1.0/
