StringID   Type       x          y          demand     DeliveryDemand  PickupDemand  DivisionRate ReadyTime  DueDate    ServiceTime
D0         d          50.0       150.0      0.0        0.0        0.0        0.0        0.0        9999.0     0.0
S1         s          50.0       25.0       0.0        0.0        0.0        0.0        0.0        9999.0     0.0
S6         s          50.0       75.0       0.0        0.0        0.0        0.0        0.0        9999.0     0.0
F_sS1      f          50.0       25.0       0.0        0.0        0.0        0.0        0.0        9999.0     0.0
F_sS6      f          50.0       75.0       0.0        0.0        0.0        0.0        0.0        9999.0     0.0
F11        f          13.0       38.0       0.0        0.0        0.0        0.0        0.0        9999.0     0.0
F19        f          17.0       62.0       0.0        0.0        0.0        0.0        0.0        9999.0     0.0
F20        f          28.0       26.0       0.0        0.0        0.0        0.0        0.0        9999.0     0.0
F10        f          39.0       56.0       0.0        0.0        0.0        0.0        0.0        9999.0     0.0
C1         c          26.0       3.0        7.0        1.0        6.0        45.0       752.0      985.0      10.0
C2         c          53.0       17.0       6.0        2.0        4.0        35.0       148.0      751.0      10.0
C4         c          14.0       18.0       15.0       12.0       3.0        25.0       799.0      1067.0     10.0
C6         c          33.0       32.0       16.0       16.0       0.0        35.0       960.0      971.0      10.0
C13        c          45.0       29.0       16.0       10.0       6.0        40.0       145.0      932.0      10.0
C15        c          67.0       23.0       4.0        1.0        3.0        40.0       281.0      693.0      10.0
C29        c          41.0       40.0       15.0       15.0       0.0        45.0       593.0      822.0      10.0
C37        c          30.0       20.0       19.0       13.0       6.0        45.0       736.0      875.0      10.0
C38        c          54.0       20.0       24.0       9.0        15.0       30.0       188.0      478.0      10.0
C55        c          48.0       33.0       34.0       23.0       11.0       30.0       448.0      565.0      10.0
C72        c          32.0       3.0        18.0       2.0        16.0       30.0       148.0      617.0      10.0
C79        c          23.0       61.0       1.0        0.0        1.0        35.0       330.0      807.0      10.0
C80        c          50.0       75.0       10.0       7.0        3.0        30.0       462.0      1040.0     10.0
C84        c          38.0       45.0       22.0       19.0       3.0        35.0       176.0      333.0      10.0
C98        c          27.0       12.0       12.0       5.0        7.0        30.0       617.0      771.0      10.0

L Large vehicle loading capacity /2000.0/
C Electric vehicle loading capacity /250.0/
Q Electric vehicle battery capacity /267.2/
r Fuel consumption rate /1.0/
g Inverse refueling rate /0.1/
v Average velocity /1.0/
