StringID   Type       x          y          demand     DeliveryDemand  PickupDemand  DivisionRate ReadyTime  DueDate    ServiceTime
D0         d          50.0       150.0      0.0        0.0        0.0        0.0        0.0        9999.0     0.0
S1         s          50.0       25.0       0.0        0.0        0.0        0.0        0.0        9999.0     0.0
S6         s          50.0       75.0       0.0        0.0        0.0        0.0        0.0        9999.0     0.0
F_sS1      f          50.0       25.0       0.0        0.0        0.0        0.0        0.0        9999.0     0.0
F_sS6      f          50.0       75.0       0.0        0.0        0.0        0.0        0.0        9999.0     0.0
F9         f          0.0        67.0       0.0        0.0        0.0        0.0        0.0        9999.0     0.0
F4         f          75.0       55.0       0.0        0.0        0.0        0.0        0.0        9999.0     0.0
F8         f          44.0       66.0       0.0        0.0        0.0        0.0        0.0        9999.0     0.0
F18        f          38.0       17.0       0.0        0.0        0.0        0.0        0.0        9999.0     0.0
C0         c          2.0        39.0       15.0       1.0        14.0       40.0       253.0      499.0      10.0
C4         c          26.0       48.0       4.0        2.0        2.0        30.0       266.0      854.0      10.0
C7         c          22.0       43.0       17.0       9.0        8.0        50.0       456.0      958.0      10.0
C10        c          4.0        33.0       2.0        0.0        2.0        40.0       931.0      1028.0     10.0
C11        c          33.0       46.0       21.0       15.0       6.0        20.0       382.0      534.0      10.0
C13        c          50.0       37.0       3.0        2.0        1.0        30.0       883.0      1079.0     10.0
C19        c          27.0       29.0       1.0        1.0        0.0        40.0       713.0      935.0      10.0
C20        c          52.0       18.0       20.0       7.0        13.0       50.0       499.0      1093.0     10.0
C38        c          26.0       69.0       18.0       7.0        11.0       25.0       280.0      388.0      10.0
C40        c          27.0       26.0       8.0        8.0        0.0        50.0       206.0      319.0      10.0
C41        c          25.0       25.0       16.0       16.0       0.0        45.0       197.0      418.0      10.0
C55        c          46.0       56.0       11.0       9.0        2.0        35.0       563.0      587.0      10.0
C67        c          36.0       5.0        12.0       2.0        10.0       25.0       346.0      738.0      10.0
C77        c          31.0       46.0       3.0        2.0        1.0        35.0       236.0      813.0      10.0
C80        c          2.0        61.0       19.0       1.0        18.0       40.0       817.0      1041.0     10.0

L Large vehicle loading capacity /2000.0/
C Electric vehicle loading capacity /250.0/
Q Electric vehicle battery capacity /267.2/
r Fuel consumption rate /1.0/
g Inverse refueling rate /0.1/
v Average velocity /1.0/
