StringID   Type       x          y          demand     DeliveryDemand  PickupDemand  DivisionRate ReadyTime  DueDate    ServiceTime
D0         d          50.0       150.0      0.0        0.0        0.0        0.0        0.0        9999.0     0.0
S1         s          50.0       25.0       0.0        0.0        0.0        0.0        0.0        9999.0     0.0
S6         s          50.0       75.0       0.0        0.0        0.0        0.0        0.0        9999.0     0.0
F_sS1      f          50.0       25.0       0.0        0.0        0.0        0.0        0.0        9999.0     0.0
F_sS6      f          50.0       75.0       0.0        0.0        0.0        0.0        0.0        9999.0     0.0
F12        f          19.0       12.0       0.0        0.0        0.0        0.0        0.0        9999.0     0.0
F13        f          46.0       10.0       0.0        0.0        0.0        0.0        0.0        9999.0     0.0
F8         f          45.0       57.0       0.0        0.0        0.0        0.0        0.0        9999.0     0.0
F5         f          47.0       60.0       0.0        0.0        0.0        0.0        0.0        9999.0     0.0
C5         c          31.0       35.0       20.0       18.0       2.0        25.0       561.0      1038.0     10.0
C12        c          37.0       54.0       21.0       14.0       7.0        35.0       209.0      583.0      10.0
C13        c          42.0       27.0       12.0       8.0        4.0        25.0       441.0      901.0      10.0
C14        c          41.0       8.0        20.0       4.0        16.0       35.0       875.0      974.0      10.0
C21        c          24.0       31.0       1.0        1.0        0.0        50.0       431.0      595.0      10.0
C24        c          30.0       25.0       26.0       22.0       4.0        35.0       167.0      431.0      10.0
C26        c          60.0       39.0       19.0       12.0       7.0        50.0       967.0      1086.0     10.0
C46        c          42.0       28.0       10.0       7.0        3.0        35.0       252.0      721.0      10.0
C53        c          21.0       47.0       20.0       9.0        11.0       25.0       624.0      668.0      10.0
C57        c          67.0       37.0       8.0        4.0        4.0        45.0       622.0      783.0      10.0
C60        c          36.0       48.0       15.0       11.0       4.0        25.0       774.0      867.0      10.0
C64        c          67.0       60.0       13.0       12.0       1.0        40.0       322.0      525.0      10.0
C68        c          44.0       48.0       22.0       20.0       2.0        30.0       348.0      704.0      10.0
C72        c          49.0       42.0       2.0        2.0        0.0        45.0       354.0      1086.0     10.0
C94        c          28.0       37.0       23.0       17.0       6.0        20.0       296.0      962.0      10.0

L Large vehicle loading capacity /2000.0/
C Electric vehicle loading capacity /250.0/
Q Electric vehicle battery capacity /267.2/
r Fuel consumption rate /1.0/
g Inverse refueling rate /0.1/
v Average velocity /1.0/
