StringID   Type       x          y          demand     DeliveryDemand  PickupDemand  DivisionRate ReadyTime  DueDate    ServiceTime
D0         d          50.0       150.0      0.0        0.0        0.0        0.0        0.0        9999.0     0.0
S1         s          50.0       25.0       0.0        0.0        0.0        0.0        0.0        9999.0     0.0
S6         s          50.0       75.0       0.0        0.0        0.0        0.0        0.0        9999.0     0.0
F_sS1      f          50.0       25.0       0.0        0.0        0.0        0.0        0.0        9999.0     0.0
F_sS6      f          50.0       75.0       0.0        0.0        0.0        0.0        0.0        9999.0     0.0
F13        f          48.0       32.0       0.0        0.0        0.0        0.0        0.0        9999.0     0.0
F5         f          49.0       16.0       0.0        0.0        0.0        0.0        0.0        9999.0     0.0
F15        f          34.0       70.0       0.0        0.0        0.0        0.0        0.0        9999.0     0.0
F8         f          66.0       19.0       0.0        0.0        0.0        0.0        0.0        9999.0     0.0
C15        c          47.0       3.0        22.0       1.0        21.0       40.0       477.0      517.0      10.0
C20        c          54.0       36.0       20.0       13.0       7.0        40.0       218.0      847.0      10.0
C30        c          40.0       39.0       19.0       19.0       0.0        45.0       642.0      692.0      10.0
C40        c          26.0       63.0       15.0       6.0        9.0        40.0       857.0      1066.0     10.0
C41        c          25.0       69.0       29.0       11.0       18.0       25.0       241.0      1078.0     10.0
C45        c          67.0       74.0       20.0       18.0       2.0        20.0       476.0      580.0      10.0
C48        c          23.0       26.0       17.0       15.0       2.0        40.0       223.0      449.0      10.0
C53        c          24.0       50.0       1.0        0.0        1.0        45.0       444.0      1099.0     10.0
C54        c          52.0       51.0       17.0       17.0       0.0        50.0       841.0      869.0      10.0
C60        c          38.0       38.0       11.0       11.0       0.0        50.0       463.0      746.0      10.0
C83        c          24.0       44.0       26.0       14.0       12.0       30.0       536.0      586.0      10.0
C84        c          29.0       21.0       10.0       7.0        3.0        35.0       677.0      925.0      10.0
C86        c          39.0       22.0       22.0       12.0       10.0       45.0       432.0      813.0      10.0
C88        c          26.0       35.0       26.0       19.0       7.0        25.0       689.0      802.0      10.0
C90        c          37.0       45.0       18.0       15.0       3.0        20.0       274.0      662.0      10.0

L Large vehicle loading capacity /2000.0/
C Electric vehicle loading capacity /250.0/
Q Electric vehicle battery capacity /267.2/
r Fuel consumption rate /1.0/
g Inverse refueling rate /0.1/
v Average velocity /1.0/
