StringID   Type       x          y          demand     DeliveryDemand  PickupDemand  DivisionRate ReadyTime  DueDate    ServiceTime
D0         d          50.0       150.0      0.0        0.0             0.0           0            0.0        9999.0     0.0         
S0         s          50.0       75.0       0.0        0.0             0.0           0            0.0        9999.0     0.0         
S1         s          50.0       25.0       0.0        0.0             0.0           0            0.0        9999.0     0.0         
F0         f          50.0       75.0       0.0        0.0             0.0           0            0.0        9999.0     0.0         
F1         f          50.0       25.0       0.0        0.0             0.0           0            0.0        9999.0     0.0         
F2         f          21.0       83.0       0.0        0.0             0.0           0            0.0        9999.0     0.0         
F3         f          10.0       28.0       0.0        0.0             0.0           0            0.0        9999.0     0.0         
F4         f          77.0       30.0       0.0        0.0             0.0           0            0.0        9999.0     0.0         
F5         f          40.0       50.0       0.0        0.0             0.0           0            0.0        9999.0     0.0         
F6         f          57.0       82.0       0.0        0.0             0.0           0            0.0        9999.0     0.0         
C0         c          85.0       25.0       10.0       3.0             7.0           30           101.0      279.0      10.0        
C1         c          57.0       29.0       18.0       9.0             9.0           20           174.0      204.0      10.0        
C2         c          2.0        40.0       20.0       1.0             19.0          20           261.0      291.0      10.0        
C3         c          18.0       75.0       20.0       5.0             15.0          25           101.0      297.0      10.0        
C4         c          37.0       47.0       6.0        5.0             1.0           45           246.0      276.0      10.0        
C5         c          65.0       35.0       3.0        2.0             1.0           20           101.0      301.0      10.0        
C6         c          15.0       80.0       10.0       2.0             8.0           20           226.0      256.0      10.0        
C7         c          60.0       80.0       10.0       8.0             2.0           45           201.0      231.0      10.0        
C8         c          85.0       35.0       30.0       12.0            18.0          20           101.0      283.0      10.0        
C9         c          35.0       40.0       16.0       14.0            2.0           50           132.0      162.0      10.0        
C10        c          35.0       69.0       23.0       12.0            11.0          20           101.0      311.0      10.0        
C11        c          63.0       65.0       8.0        8.0             0.0           25           207.0      237.0      10.0        
C12        c          12.0       24.0       13.0       7.0             6.0           40           159.0      189.0      10.0        
C13        c          31.0       67.0       3.0        1.0             2.0           45           101.0      311.0      10.0        
C14        c          37.0       31.0       14.0       12.0            2.0           20           101.0      311.0      10.0        

L Large vehicle loading capacity /800.0/
C Electric vehicle loading capacity /100.0/
Q Electric vehicle battery capacity /77.75/
r Fuel consumption rate /1.0/
g Inverse refueling rate /0.39/
v Average velocity /1.0/
