StringID   Type       x          y          demand     DeliveryDemand  PickupDemand  DivisionRate ReadyTime  DueDate    ServiceTime
D0         d          50.0       150.0      0.0        0.0             0.0           0            0.0        9999.0     0.0         
S0         s          50.0       75.0       0.0        0.0             0.0           0            0.0        9999.0     0.0         
S1         s          50.0       25.0       0.0        0.0             0.0           0            0.0        9999.0     0.0         
F0         f          50.0       75.0       0.0        0.0             0.0           0            0.0        9999.0     0.0         
F1         f          50.0       25.0       0.0        0.0             0.0           0            0.0        9999.0     0.0         
F2         f          39.0       26.0       0.0        0.0             0.0           0            0.0        9999.0     0.0         
F3         f          61.0       14.0       0.0        0.0             0.0           0            0.0        9999.0     0.0         
F4         f          77.0       30.0       0.0        0.0             0.0           0            0.0        9999.0     0.0         
F5         f          40.0       50.0       0.0        0.0             0.0           0            0.0        9999.0     0.0         
F6         f          31.0       84.0       0.0        0.0             0.0           0            0.0        9999.0     0.0         
C0         c          18.0       75.0       20.0       5.0             15.0          45           154.0      288.0      10.0        
C1         c          10.0       40.0       30.0       8.0             22.0          25           155.0      255.0      10.0        
C2         c          58.0       75.0       20.0       15.0            5.0           50           167.0      285.0      10.0        
C3         c          55.0       60.0       16.0       15.0            1.0           50           201.0      312.0      10.0        
C4         c          20.0       82.0       10.0       2.0             8.0           50           139.0      293.0      10.0        
C5         c          18.0       80.0       10.0       2.0             8.0           30           171.0      293.0      10.0        
C6         c          42.0       10.0       40.0       10.0            30.0          40           165.0      283.0      10.0        
C7         c          35.0       5.0        20.0       3.0             17.0          45           180.0      285.0      10.0        
C8         c          38.0       5.0        30.0       4.0             26.0          35           156.0      285.0      10.0        
C9         c          37.0       31.0       14.0       12.0            2.0           25           175.0      293.0      10.0        
C10        c          20.0       50.0       5.0        2.0             3.0           45           121.0      237.0      10.0        
C11        c          60.0       85.0       30.0       21.0            9.0           20           197.0      290.0      10.0        
C12        c          85.0       25.0       10.0       3.0             7.0           30           169.0      279.0      10.0        
C13        c          65.0       20.0       6.0        2.0             4.0           35           161.0      291.0      10.0        
C14        c          41.0       37.0       16.0       14.0            2.0           35           115.0      247.0      10.0        

L Large vehicle loading capacity /800.0/
C Electric vehicle loading capacity /100.0/
Q Electric vehicle battery capacity /77.75/
r Fuel consumption rate /1.0/
g Inverse refueling rate /0.39/
v Average velocity /1.0/
