StringID   Type       x          y          demand     DeliveryDemand  PickupDemand  DivisionRate ReadyTime  DueDate    ServiceTime
D0         d          50.0       150.0      0.0        0.0        0.0        0.0        0.0        9999.0     0.0
S1         s          50.0       25.0       0.0        0.0        0.0        0.0        0.0        9999.0     0.0
S6         s          50.0       75.0       0.0        0.0        0.0        0.0        0.0        9999.0     0.0
F_sS1      f          50.0       25.0       0.0        0.0        0.0        0.0        0.0        9999.0     0.0
F_sS6      f          50.0       75.0       0.0        0.0        0.0        0.0        0.0        9999.0     0.0
F3         f          25.0       87.0       0.0        0.0        0.0        0.0        0.0        9999.0     0.0
F11        f          59.0       65.0       0.0        0.0        0.0        0.0        0.0        9999.0     0.0
F6         f          20.0       50.0       0.0        0.0        0.0        0.0        0.0        9999.0     0.0
F0         f          37.0       40.0       0.0        0.0        0.0        0.0        0.0        9999.0     0.0
C7         c          14.0       47.0       22.0       7.0        15.0       25.0       206.0      307.0      10.0
C11        c          61.0       90.0       23.0       16.0       7.0        30.0       206.0      232.0      10.0
C13        c          53.0       47.0       17.0       15.0       2.0        40.0       109.0      318.0      10.0
C27        c          13.0       18.0       23.0       17.0       6.0        35.0       249.0      321.0      10.0
C33        c          4.0        51.0       13.0       1.0        12.0       40.0       186.0      235.0      10.0
C41        c          62.0       83.0       18.0       13.0       5.0        35.0       265.0      270.0      10.0
C46        c          20.0       83.0       25.0       6.0        19.0       40.0       126.0      271.0      10.0
C47        c          64.0       39.0       26.0       16.0       10.0       50.0       282.0      284.0      10.0
C55        c          32.0       4.0        20.0       2.0        18.0       45.0       224.0      244.0      10.0
C60        c          34.0       32.0       26.0       24.0       2.0        20.0       244.0      321.0      10.0
C63        c          1.0        47.0       21.0       0.0        21.0       50.0       256.0      270.0      10.0
C76        c          21.0       82.0       13.0       3.0        10.0       50.0       166.0      253.0      10.0
C87        c          59.0       22.0       15.0       6.0        9.0        35.0       168.0      261.0      10.0
C92        c          21.0       41.0       32.0       16.0       16.0       45.0       172.0      224.0      10.0
C94        c          59.0       8.0        20.0       3.0        17.0       30.0       269.0      301.0      10.0

L Large vehicle loading capacity /800.0/
C Electric vehicle loading capacity /100.0/
Q Electric vehicle battery capacity /79.7/
r Fuel consumption rate /1.0/
g Inverse refueling rate /0.4/
v Average velocity /1.0/
