StringID   Type       x          y          demand     DeliveryDemand  PickupDemand  DivisionRate ReadyTime  DueDate    ServiceTime
D0         d          50.0       150.0      0.0        0.0        0.0        0.0        0.0        9999.0     0.0
S1         s          50.0       25.0       0.0        0.0        0.0        0.0        0.0        9999.0     0.0
S6         s          50.0       75.0       0.0        0.0        0.0        0.0        0.0        9999.0     0.0
F_sS1      f          50.0       25.0       0.0        0.0        0.0        0.0        0.0        9999.0     0.0
F_sS6      f          50.0       75.0       0.0        0.0        0.0        0.0        0.0        9999.0     0.0
F9         f          67.0       50.0       0.0        0.0        0.0        0.0        0.0        9999.0     0.0
F15        f          65.0       47.0       0.0        0.0        0.0        0.0        0.0        9999.0     0.0
F5         f          56.0       39.0       0.0        0.0        0.0        0.0        0.0        9999.0     0.0
F14        f          36.0       24.0       0.0        0.0        0.0        0.0        0.0        9999.0     0.0
C19        c          40.0       47.0       11.0       9.0        2.0        35.0       133.0      294.0      10.0
C28        c          13.0       76.0       19.0       3.0        16.0       20.0       195.0      266.0      10.0
C29        c          45.0       13.0       21.0       6.0        15.0       30.0       227.0      238.0      10.0
C30        c          6.0        50.0       12.0       1.0        11.0       20.0       212.0      225.0      10.0
C37        c          14.0       73.0       3.0        1.0        2.0        30.0       107.0      314.0      10.0
C48        c          61.0       15.0       2.0        0.0        2.0        40.0       152.0      266.0      10.0
C52        c          44.0       23.0       12.0       6.0        6.0        30.0       190.0      262.0      10.0
C53        c          35.0       3.0        17.0       1.0        16.0       50.0       235.0      237.0      10.0
C61        c          60.0       45.0       14.0       10.0       4.0        50.0       158.0      323.0      10.0
C85        c          77.0       35.0       9.0        4.0        5.0        35.0       247.0      279.0      10.0
C86        c          63.0       52.0       12.0       10.0       2.0        40.0       160.0      227.0      10.0
C87        c          27.0       42.0       2.0        1.0        1.0        30.0       135.0      148.0      10.0
C92        c          38.0       68.0       2.0        1.0        1.0        35.0       187.0      259.0      10.0
C94        c          33.0       11.0       3.0        1.0        2.0        30.0       129.0      254.0      10.0
C97        c          67.0       77.0       19.0       17.0       2.0        45.0       156.0      224.0      10.0

L Large vehicle loading capacity /800.0/
C Electric vehicle loading capacity /100.0/
Q Electric vehicle battery capacity /79.7/
r Fuel consumption rate /1.0/
g Inverse refueling rate /0.4/
v Average velocity /1.0/
