StringID   Type       x          y          demand     DeliveryDemand  PickupDemand  DivisionRate ReadyTime  DueDate    ServiceTime
D0         d          50.0       150.0      0.0        0.0        0.0        0.0        0.0        9999.0     0.0
S1         s          50.0       25.0       0.0        0.0        0.0        0.0        0.0        9999.0     0.0
S6         s          50.0       75.0       0.0        0.0        0.0        0.0        0.0        9999.0     0.0
F_sS1      f          50.0       25.0       0.0        0.0        0.0        0.0        0.0        9999.0     0.0
F_sS6      f          50.0       75.0       0.0        0.0        0.0        0.0        0.0        9999.0     0.0
F9         f          37.0       19.0       0.0        0.0        0.0        0.0        0.0        9999.0     0.0
F2         f          0.0        49.0       0.0        0.0        0.0        0.0        0.0        9999.0     0.0       
F4         f          38.0       11.0       0.0        0.0        0.0        0.0        0.0        9999.0     0.0           
F11        f          65.0       31.0       0.0        0.0        0.0        0.0        0.0        9999.0     0.0            
C12        c          57.0       25.0       17.0       7.0        10.0       30.0       178.0      203.0      10.0
C20        c          65.0       12.0       11.0       2.0        9.0        20.0       267.0      285.0      10.0
C22        c          36.0       70.0       3.0        2.0        1.0        30.0       163.0      262.0      10.0
C26        c          35.0       7.0        24.0       5.0        19.0       45.0       156.0      258.0      10.0
C36        c          5.0        52.0       7.0        1.0        6.0        20.0       157.0      271.0      10.0
C40        c          41.0       37.0       15.0       14.0       1.0        30.0       128.0      236.0      10.0
C44        c          12.0       75.0       24.0       4.0        20.0       30.0       209.0      259.0      10.0
C45        c          58.0       74.0       12.0       9.0        3.0        35.0       202.0      235.0      10.0
C55        c          7.0        20.0       16.0       6.0        10.0       35.0       148.0      280.0      10.0
C68        c          17.0       45.0       20.0       8.0        12.0       30.0       131.0      262.0      10.0
C74        c          60.0       49.0       10.0       8.0        2.0        30.0       135.0      269.0      10.0
C79        c          47.0       48.0       25.0       24.0       1.0        25.0       175.0      184.0      10.0
C85        c          27.0       33.0       14.0       11.0       3.0        45.0       272.0      321.0      10.0
C87        c          91.0       31.0       23.0       8.0        15.0       30.0       231.0      283.0      10.0
C94        c          92.0       34.0       24.0       9.0        15.0       45.0       144.0      299.0      10.0

L Large vehicle loading capacity /800.0/
C Electric vehicle loading capacity /100.0/
Q Electric vehicle battery capacity /79.7/
r Fuel consumption rate /1.0/
g Inverse refueling rate /0.4/
v Average velocity /1.0/
