StringID   Type       x          y          demand     DeliveryDemand  PickupDemand  DivisionRate ReadyTime  DueDate    ServiceTime
D0         d          50.0       150.0      0.0        0.0        0.0        0.0        0.0        9999.0     0.0
S1         s          50.0       25.0       0.0        0.0        0.0        0.0        0.0        9999.0     0.0
S6         s          50.0       75.0       0.0        0.0        0.0        0.0        0.0        9999.0     0.0
F_sS1      f          50.0       25.0       0.0        0.0        0.0        0.0        0.0        9999.0     0.0
F_sS6      f          50.0       75.0       0.0        0.0        0.0        0.0        0.0        9999.0     0.0
F16        f          31.0       33.0       0.0        0.0        0.0        0.0        0.0        9999.0     0.0
F1         f          50.0       31.0       0.0        0.0        0.0        0.0        0.0        9999.0     0.0
F11        f          11.0       93.0       0.0        0.0        0.0        0.0        0.0        9999.0     0.0
F0         f          90.0       43.0       0.0        0.0        0.0        0.0        0.0        9999.0     0.0
C12        c          10.0       51.0       5.0        1.0        4.0        20.0       133.0      183.0      10.0
C19        c          61.0       74.0       17.0       14.0       3.0        35.0       246.0      249.0      10.0
C23        c          31.0       34.0       2.0        2.0        0.0        40.0       153.0      302.0      10.0
C25        c          59.0       42.0       22.0       16.0       6.0        25.0       191.0      240.0      10.0
C34        c          13.0       79.0       21.0       3.0        18.0       35.0       222.0      231.0      10.0
C36        c          55.0       36.0       9.0        6.0        3.0        35.0       133.0      305.0      10.0
C47        c          19.0       82.0       29.0       7.0        22.0       30.0       129.0      251.0      10.0
C48        c          49.0       49.0       20.0       20.0       0.0        35.0       249.0      286.0      10.0
C49        c          24.0       30.0       17.0       14.0       3.0        40.0       170.0      262.0      10.0
C56        c          49.0       36.0       29.0       21.0       8.0        25.0       213.0      224.0      10.0
C60        c          56.0       53.0       6.0        6.0        0.0        45.0       133.0      269.0      10.0
C63        c          57.0       81.0       14.0       10.0       4.0        40.0       130.0      165.0      10.0
C69        c          6.0        13.0       25.0       12.0       13.0       45.0       165.0      186.0      10.0
C84        c          68.0       25.0       16.0       6.0        10.0       20.0       136.0      278.0      10.0
C97        c          61.0       11.0       20.0       4.0        16.0       40.0       173.0      280.0      10.0

L Large vehicle loading capacity /800.0/
C Electric vehicle loading capacity /100.0/
Q Electric vehicle battery capacity /79.7/
r Fuel consumption rate /1.0/
g Inverse refueling rate /0.4/
v Average velocity /1.0/
