StringID   Type       x          y          demand     DeliveryDemand  PickupDemand  DivisionRate ReadyTime  DueDate    ServiceTime
D0         d          50.0       150.0      0.0        0.0        0.0        0.0        0.0        9999.0     0.0
S1         s          50.0       25.0       0.0        0.0        0.0        0.0        0.0        9999.0     0.0
S6         s          50.0       75.0       0.0        0.0        0.0        0.0        0.0        9999.0     0.0
F_sS1      f          50.0       25.0       0.0        0.0        0.0        0.0        0.0        9999.0     0.0
F_sS6      f          50.0       75.0       0.0        0.0        0.0        0.0        0.0        9999.0     0.0
F4         f          15.0       68.0       0.0        0.0        0.0        0.0        0.0        9999.0     0.0
F11        f          28.0       52.0       0.0        0.0        0.0        0.0        0.0        9999.0     0.0
F12        f          74.0       11.0       0.0        0.0        0.0        0.0        0.0        9999.0     0.0
F19        f          36.0       27.0       0.0        0.0        0.0        0.0        0.0        9999.0     0.0
C0         c          4.0        51.0       19.0       1.0        18.0       45.0       254.0      308.0      10.0
C6         c          9.0        38.0       23.0       5.0        18.0       35.0       157.0      279.0      10.0
C8         c          16.0       24.0       16.0       11.0       5.0        35.0       108.0      155.0      10.0
C13        c          56.0       33.0       16.0       9.0        7.0        50.0       133.0      133.0      10.0
C15        c          19.0       74.0       14.0       4.0        10.0       30.0       203.0      246.0      10.0
C31        c          2.0        55.0       28.0       1.0        27.0       40.0       150.0      250.0      10.0
C38        c          46.0       51.0       21.0       19.0       2.0        30.0       157.0      278.0      10.0
C43        c          55.0       89.0       32.0       20.0       12.0       50.0       128.0      215.0      10.0
C44        c          8.0        15.0       15.0       8.0        7.0        35.0       217.0      257.0      10.0
C50        c          69.0       9.0        16.0       2.0        14.0       20.0       104.0      248.0      10.0
C57        c          18.0       17.0       14.0       13.0       1.0        40.0       104.0      304.0      10.0
C59        c          60.0       54.0       18.0       16.0       2.0        40.0       135.0      158.0      10.0
C74        c          3.0        49.0       12.0       1.0        11.0       30.0       132.0      189.0      10.0
C75        c          18.0       51.0       19.0       7.0        12.0       50.0       142.0      185.0      10.0
C97        c          59.0       75.0       35.0       28.0       7.0        50.0       226.0      286.0      10.0

L Large vehicle loading capacity /800.0/
C Electric vehicle loading capacity /100.0/
Q Electric vehicle battery capacity /79.7/
r Fuel consumption rate /1.0/
g Inverse refueling rate /0.4/
v Average velocity /1.0/
