StringID   Type       x          y          demand     DeliveryDemand  PickupDemand  DivisionRate ReadyTime  DueDate    ServiceTime
D0         d          50.0       150.0      0.0        0.0        0.0        0.0        0.0        9999.0     0.0
S1         s          50.0       25.0       0.0        0.0        0.0        0.0        0.0        9999.0     0.0
S6         s          50.0       75.0       0.0        0.0        0.0        0.0        0.0        9999.0     0.0
F_sS1      f          50.0       25.0       0.0        0.0        0.0        0.0        0.0        9999.0     0.0
F_sS6      f          50.0       75.0       0.0        0.0        0.0        0.0        0.0        9999.0     0.0
F0         f          19.0       62.0       0.0        0.0        0.0        0.0        0.0        9999.0     0.0
F1         f          28.0       40.0       0.0        0.0        0.0        0.0        0.0        9999.0     0.0
F19        f          90.0       94.0       0.0        0.0        0.0        0.0        0.0        9999.0     0.0
F18        f          23.0       62.0       0.0        0.0        0.0        0.0        0.0        9999.0     0.0
C0         c          53.0       52.0       20.0       20.0       0.0        50.0       102.0      296.0      10.0
C1         c          17.0       75.0       11.0       2.0        9.0        35.0       243.0      280.0      10.0
C13        c          88.0       26.0       14.0       4.0        10.0       35.0       173.0      300.0      10.0
C14        c          32.0       62.0       13.0       7.0        6.0        50.0       196.0      298.0      10.0
C18        c          27.0       7.0        14.0       4.0        10.0       25.0       155.0      203.0      10.0
C23        c          20.0       81.0       20.0       5.0        15.0       35.0       142.0      273.0      10.0
C43        c          56.0       24.0       23.0       10.0       13.0       20.0       165.0      175.0      10.0
C49        c          59.0       20.0       17.0       6.0        11.0       50.0       193.0      302.0      10.0
C54        c          38.0       63.0       19.0       11.0       8.0        50.0       262.0      268.0      10.0
C57        c          11.0       45.0       9.0        2.0        7.0        30.0       216.0      220.0      10.0
C62        c          51.0       49.0       20.0       19.0       1.0        40.0       135.0      156.0      10.0
C76        c          10.0       59.0       23.0       4.0        19.0       45.0       143.0      146.0      10.0
C78        c          19.0       76.0       12.0       3.0        9.0        40.0       135.0      157.0      10.0
C97        c          72.0       49.0       15.0       10.0       5.0        50.0       150.0      243.0      10.0
C98        c          63.0       82.0       31.0       24.0       7.0        35.0       277.0      304.0      10.0

L Large vehicle loading capacity /800.0/
C Electric vehicle loading capacity /100.0/
Q Electric vehicle battery capacity /79.7/
r Fuel consumption rate /1.0/
g Inverse refueling rate /0.4/
v Average velocity /1.0/
