StringID   Type       x          y          demand     DeliveryDemand  PickupDemand  DivisionRate ReadyTime  DueDate    ServiceTime
D0         d          50.0       150.0      0.0        0.0        0.0        0.0        0.0        9999.0     0.0
S1         s          50.0       25.0       0.0        0.0        0.0        0.0        0.0        9999.0     0.0
S6         s          50.0       75.0       0.0        0.0        0.0        0.0        0.0        9999.0     0.0
F_sS1      f          50.0       25.0       0.0        0.0        0.0        0.0        0.0        9999.0     0.0
F_sS6      f          50.0       75.0       0.0        0.0        0.0        0.0        0.0        9999.0     0.0
F11        f          54.0       32.0       0.0        0.0        0.0        0.0        0.0        9999.0     0.0
F13        f          19.0       51.0       0.0        0.0        0.0        0.0        0.0        9999.0     0.0
F5         f          0.0        61.0       0.0        0.0        0.0        0.0        0.0        9999.0     0.0
F9         f          58.0       14.0       0.0        0.0        0.0        0.0        0.0        9999.0     0.0
C9         c          90.0       39.0       9.0        4.0        5.0        35.0       238.0      241.0      10.0
C12        c          63.0       21.0       8.0        3.0        5.0        50.0       104.0      221.0      10.0
C13        c          57.0       77.0       23.0       17.0       6.0        35.0       142.0      262.0      10.0
C30        c          44.0       6.0        29.0       4.0        25.0       30.0       110.0      303.0      10.0
C33        c          37.0       9.0        22.0       5.0        17.0       40.0       168.0      207.0      10.0
C41        c          4.0        53.0       21.0       2.0        19.0       30.0       128.0      131.0      10.0
C45        c          58.0       79.0       20.0       15.0       5.0        20.0       179.0      279.0      10.0
C50        c          42.0       6.0        12.0       2.0        10.0       45.0       238.0      281.0      10.0
C51        c          86.0       29.0       11.0       4.0        7.0        25.0       102.0      257.0      10.0
C60        c          41.0       41.0       17.0       17.0       0.0        30.0       218.0      252.0      10.0
C64        c          33.0       33.0       2.0        2.0        0.0        35.0       274.0      287.0      10.0
C70        c          38.0       7.0        32.0       6.0        26.0       35.0       250.0      292.0      10.0
C72        c          38.0       42.0       26.0       24.0       2.0        20.0       139.0      277.0      10.0
C75        c          59.0       77.0       9.0        7.0        2.0        50.0       104.0      197.0      10.0
C94        c          23.0       35.0       12.0       8.0        4.0        40.0       170.0      316.0      10.0

L Large vehicle loading capacity /800.0/
C Electric vehicle loading capacity /100.0/
Q Electric vehicle battery capacity /79.7/
r Fuel consumption rate /1.0/
g Inverse refueling rate /0.4/
v Average velocity /1.0/
