StringID   Type       x          y          demand     DeliveryDemand  PickupDemand  DivisionRate ReadyTime  DueDate    ServiceTime
D0         d          50.0       150.0      0.0        0.0        0.0        0.0        0.0        9999.0     0.0
S1         s          50.0       25.0       0.0        0.0        0.0        0.0        0.0        9999.0     0.0
S6         s          50.0       75.0       0.0        0.0        0.0        0.0        0.0        9999.0     0.0
F_sS1      f          50.0       25.0       0.0        0.0        0.0        0.0        0.0        9999.0     0.0
F_sS6      f          50.0       75.0       0.0        0.0        0.0        0.0        0.0        9999.0     0.0
F5         f          11.0       63.0       0.0        0.0        0.0        0.0        0.0        9999.0     0.0
F16        f          0.0        66.0       0.0        0.0        0.0        0.0        0.0        9999.0     0.0
F1         f          64.0       46.0       0.0        0.0        0.0        0.0        0.0        9999.0     0.0
F2         f          16.0       25.0       0.0        0.0        0.0        0.0        0.0        9999.0     0.0
C0         c          23.0       83.0       4.0        1.0        3.0        25.0       153.0      249.0      10.0
C1         c          49.0       73.0       24.0       16.0       8.0        30.0       132.0      151.0      10.0
C5         c          70.0       39.0       19.0       11.0       8.0        25.0       186.0      248.0      10.0
C8         c          87.0       35.0       18.0       7.0        11.0       45.0       212.0      267.0      10.0
C11        c          59.0       13.0       5.0        1.0        4.0        40.0       183.0      308.0      10.0
C23        c          66.0       79.0       2.0        2.0        0.0        50.0       118.0      224.0      10.0
C29        c          36.0       57.0       21.0       13.0       8.0        35.0       177.0      256.0      10.0
C32        c          100.0      29.0       14.0       4.0        10.0       35.0       269.0      273.0      10.0
C50        c          38.0       11.0       23.0       7.0        16.0       35.0       203.0      226.0      10.0
C57        c          6.0        56.0       11.0       1.0        10.0       35.0       128.0      323.0      10.0
C60        c          28.0       38.0       18.0       13.0       5.0        40.0       253.0      272.0      10.0
C62        c          24.0       34.0       17.0       12.0       5.0        50.0       157.0      205.0      10.0
C63        c          23.0       67.0       2.0        1.0        1.0        45.0       196.0      279.0      10.0
C76        c          91.0       31.0       10.0       3.0        7.0        30.0       127.0      246.0      10.0
C91        c          66.0       75.0       22.0       19.0       3.0        40.0       254.0      309.0      10.0

L Large vehicle loading capacity /800.0/
C Electric vehicle loading capacity /100.0/
Q Electric vehicle battery capacity /79.7/
r Fuel consumption rate /1.0/
g Inverse refueling rate /0.4/
v Average velocity /1.0/
