StringID   Type       x          y          demand     DeliveryDemand  PickupDemand  DivisionRate ReadyTime  DueDate    ServiceTime
D0         d          50.0       150.0      0.0        0.0        0.0        0.0        0.0        9999.0     0.0
S1         s          50.0       25.0       0.0        0.0        0.0        0.0        0.0        9999.0     0.0
S6         s          50.0       75.0       0.0        0.0        0.0        0.0        0.0        9999.0     0.0
F_sS1      f          50.0       25.0       0.0        0.0        0.0        0.0        0.0        9999.0     0.0
F_sS6      f          50.0       75.0       0.0        0.0        0.0        0.0        0.0        9999.0     0.0
F14        f          44.0       74.0       0.0        0.0        0.0        0.0        0.0        9999.0     0.0
F5         f          10.0       11.0       0.0        0.0        0.0        0.0        0.0        9999.0     0.0
F11        f          15.0       77.0       0.0        0.0        0.0        0.0        0.0        9999.0     0.0
F13        f          74.0       85.0       0.0        0.0        0.0        0.0        0.0        9999.0     0.0
C9         c          22.0       83.0       20.0       5.0        15.0       50.0       126.0      289.0      10.0
C13        c          38.0       15.0       9.0        4.0        5.0        35.0       136.0      191.0      10.0
C21        c          37.0       3.0        5.0        0.0        5.0        35.0       233.0      248.0      10.0
C24        c          5.0        9.0        15.0       8.0        7.0        30.0       121.0      285.0      10.0
C27        c          39.0       8.0        17.0       3.0        14.0       50.0       187.0      206.0      10.0
C33        c          16.0       39.0       10.0       4.0        6.0        45.0       203.0      227.0      10.0
C34        c          53.0       86.0       18.0       11.0       7.0        45.0       105.0      221.0      10.0
C35        c          57.0       78.0       6.0        4.0        2.0        50.0       202.0      274.0      10.0
C36        c          57.0       35.0       5.0        3.0        2.0        45.0       175.0      298.0      10.0
C42        c          25.0       65.0       29.0       11.0       18.0       50.0       111.0      298.0      10.0
C52        c          61.0       76.0       25.0       20.0       5.0        20.0       281.0      284.0      10.0
C55        c          15.0       21.0       22.0       16.0       6.0        25.0       172.0      249.0      10.0
C58        c          58.0       21.0       25.0       9.0        16.0       25.0       113.0      187.0      10.0
C65        c          23.0       25.0       10.0       9.0        1.0        30.0       107.0      149.0      10.0
C75        c          64.0       79.0       12.0       10.0       2.0        45.0       156.0      296.0      10.0

L Large vehicle loading capacity /800.0/
C Electric vehicle loading capacity /100.0/
Q Electric vehicle battery capacity /79.7/
r Fuel consumption rate /1.0/
g Inverse refueling rate /0.4/
v Average velocity /1.0/
