StringID   Type       x          y          demand     DeliveryDemand  PickupDemand  DivisionRate ReadyTime  DueDate    ServiceTime
D0         d          50.0       150.0      0.0        0.0        0.0        0.0        0.0        9999.0     0.0
S1         s          50.0       25.0       0.0        0.0        0.0        0.0        0.0        9999.0     0.0
S6         s          50.0       75.0       0.0        0.0        0.0        0.0        0.0        9999.0     0.0
F_sS1      f          50.0       25.0       0.0        0.0        0.0        0.0        0.0        9999.0     0.0
F_sS6      f          50.0       75.0       0.0        0.0        0.0        0.0        0.0        9999.0     0.0
F4         f          84.0       63.0       0.0        0.0        0.0        0.0        0.0        9999.0     0.0
F1         f          69.0       11.0       0.0        0.0        0.0        0.0        0.0        9999.0     0.0
F2         f          14.0       74.0       0.0        0.0        0.0        0.0        0.0        9999.0     0.0
F3         f          34.0       72.0       0.0        0.0        0.0        0.0        0.0        9999.0     0.0
C1         c          12.0       15.0       7.0        6.0        1.0        45.0       144.0      292.0      10.0
C3         c          21.0       16.0       11.0       8.0        3.0        35.0       211.0      232.0      10.0
C10        c          11.0       19.0       22.0       13.0       9.0        30.0       245.0      298.0      10.0
C18        c          65.0       24.0       16.0       6.0        10.0       25.0       231.0      285.0      10.0
C24        c          89.0       39.0       6.0        3.0        3.0        50.0       206.0      278.0      10.0
C33        c          44.0       23.0       3.0        2.0        1.0        30.0       184.0      192.0      10.0
C34        c          6.0        39.0       21.0       3.0        18.0       50.0       177.0      286.0      10.0
C41        c          53.0       47.0       26.0       23.0       3.0        25.0       177.0      230.0      10.0
C52        c          55.0       45.0       2.0        2.0        0.0        35.0       165.0      197.0      10.0
C55        c          1.0        45.0       14.0       0.0        14.0       30.0       269.0      269.0      10.0
C61        c          90.0       37.0       35.0       14.0       21.0       25.0       219.0      265.0      10.0
C74        c          58.0       93.0       11.0       7.0        4.0        45.0       132.0      143.0      10.0
C76        c          10.0       40.0       12.0       3.0        9.0        40.0       212.0      251.0      10.0
C82        c          8.0        68.0       31.0       4.0        27.0       25.0       261.0      273.0      10.0
C83        c          55.0       67.0       8.0        7.0        1.0        50.0       223.0      276.0      10.0

L Large vehicle loading capacity /800.0/
C Electric vehicle loading capacity /100.0/
Q Electric vehicle battery capacity /79.7/
r Fuel consumption rate /1.0/
g Inverse refueling rate /0.4/
v Average velocity /1.0/
