StringID   Type       x          y          demand     DeliveryDemand  PickupDemand  DivisionRate ReadyTime  DueDate    ServiceTime
D0         d          50.0       150.0      0.0        0.0        0.0        0.0        0.0        9999.0     0.0
S1         s          50.0       25.0       0.0        0.0        0.0        0.0        0.0        9999.0     0.0
S6         s          50.0       75.0       0.0        0.0        0.0        0.0        0.0        9999.0     0.0
F_sS1      f          50.0       25.0       0.0        0.0        0.0        0.0        0.0        9999.0     0.0
F_sS6      f          50.0       75.0       0.0        0.0        0.0        0.0        0.0        9999.0     0.0
F6         f          18.0       56.0       0.0        0.0        0.0        0.0        0.0        9999.0     0.0
F14        f          22.0       32.0       0.0        0.0        0.0        0.0        0.0        9999.0     0.0
F4         f          2.0        23.0       0.0        0.0        0.0        0.0        0.0        9999.0     0.0
F9         f          15.0       42.0       0.0        0.0        0.0        0.0        0.0        9999.0     0.0
C0         c          8.0        47.0       16.0       3.0        13.0       45.0       164.0      288.0      10.0
C11        c          53.0       28.0       21.0       11.0       10.0       20.0       148.0      252.0      10.0
C16        c          17.0       18.0       33.0       31.0       2.0        40.0       196.0      235.0      10.0
C17        c          31.0       60.0       21.0       11.0       10.0       45.0       121.0      239.0      10.0
C24        c          12.0       22.0       12.0       7.0        5.0        30.0       141.0      178.0      10.0
C25        c          9.0        13.0       25.0       17.0       8.0        40.0       187.0      219.0      10.0
C26        c          1.0        35.0       23.0       1.0        22.0       35.0       164.0      258.0      10.0
C29        c          57.0       76.0       11.0       8.0        3.0        25.0       141.0      217.0      10.0
C33        c          21.0       79.0       2.0        1.0        1.0        30.0       190.0      280.0      10.0
C41        c          32.0       63.0       11.0       6.0        5.0        45.0       236.0      238.0      10.0
C44        c          63.0       50.0       37.0       29.0       8.0        35.0       237.0      256.0      10.0
C58        c          40.0       65.0       2.0        1.0        1.0        35.0       147.0      169.0      10.0
C66        c          53.0       14.0       2.0        1.0        1.0        35.0       122.0      194.0      10.0
C77        c          59.0       49.0       18.0       15.0       3.0        20.0       129.0      207.0      10.0
C95        c          58.0       88.0       4.0        3.0        1.0        50.0       209.0      282.0      10.0

L Large vehicle loading capacity /800.0/
C Electric vehicle loading capacity /100.0/
Q Electric vehicle battery capacity /79.7/
r Fuel consumption rate /1.0/
g Inverse refueling rate /0.4/
v Average velocity /1.0/
