StringID   Type       x          y          demand     DeliveryDemand  PickupDemand  DivisionRate ReadyTime  DueDate    ServiceTime
D0         d          50.0       150.0      0.0        0.0        0.0        0.0        0.0        9999.0     0.0
S1         s          50.0       25.0       0.0        0.0        0.0        0.0        0.0        9999.0     0.0
S6         s          50.0       75.0       0.0        0.0        0.0        0.0        0.0        9999.0     0.0
F_sS1      f          50.0       25.0       0.0        0.0        0.0        0.0        0.0        9999.0     0.0
F_sS6      f          50.0       75.0       0.0        0.0        0.0        0.0        0.0        9999.0     0.0
F3         f          79.0       38.0       0.0        0.0        0.0        0.0        0.0        9999.0     0.0
F15        f          29.0       61.0       0.0        0.0        0.0        0.0        0.0        9999.0     0.0
F19        f          70.0       33.0       0.0        0.0        0.0        0.0        0.0        9999.0     0.0
F16        f          38.0       40.0       0.0        0.0        0.0        0.0        0.0        9999.0     0.0
C0         c          12.0       79.0       2.0        0.0        2.0        35.0       198.0      291.0      10.0
C2         c          35.0       0.0        18.0       0.0        18.0       20.0       121.0      260.0      10.0
C6         c          62.0       80.0       35.0       27.0       8.0        25.0       205.0      275.0      10.0
C8         c          35.0       18.0       3.0        2.0        1.0        40.0       194.0      320.0      10.0
C9         c          64.0       88.0       24.0       17.0       7.0        25.0       163.0      252.0      10.0
C15        c          89.0       32.0       29.0       10.0       19.0       30.0       233.0      283.0      10.0
C35        c          22.0       79.0       19.0       5.0        14.0       35.0       262.0      270.0      10.0
C46        c          40.0       15.0       21.0       8.0        13.0       45.0       226.0      229.0      10.0
C47        c          12.0       54.0       15.0       3.0        12.0       40.0       187.0      237.0      10.0
C51        c          71.0       23.0       11.0       4.0        7.0        45.0       181.0      311.0      10.0
C55        c          41.0       4.0        14.0       1.0        13.0       30.0       167.0      306.0      10.0
C60        c          35.0       36.0       27.0       26.0       1.0        40.0       168.0      192.0      10.0
C69        c          88.0       29.0       24.0       8.0        16.0       45.0       132.0      302.0      10.0
C93        c          23.0       86.0       15.0       4.0        11.0       35.0       192.0      282.0      10.0
C96        c          17.0       84.0       6.0        1.0        5.0        40.0       266.0      289.0      10.0

L Large vehicle loading capacity /800.0/
C Electric vehicle loading capacity /100.0/
Q Electric vehicle battery capacity /79.7/
r Fuel consumption rate /1.0/
g Inverse refueling rate /0.4/
v Average velocity /1.0/
