StringID   Type       x          y          demand     DeliveryDemand  PickupDemand  DivisionRate ReadyTime  DueDate    ServiceTime
D0         d          50.0       150.0      0.0        0.0        0.0        0.0        0.0        9999.0     0.0
S1         s          50.0       25.0       0.0        0.0        0.0        0.0        0.0        9999.0     0.0
S6         s          50.0       75.0       0.0        0.0        0.0        0.0        0.0        9999.0     0.0
F_sS1      f          50.0       25.0       0.0        0.0        0.0        0.0        0.0        9999.0     0.0
F_sS6      f          50.0       75.0       0.0        0.0        0.0        0.0        0.0        9999.0     0.0
F11        f          59.0       49.0       0.0        0.0        0.0        0.0        0.0        9999.0     0.0
F9         f          14.0       11.0       0.0        0.0        0.0        0.0        0.0        9999.0     0.0
F1         f          70.0       33.0       0.0        0.0        0.0        0.0        0.0        9999.0     0.0
F16        f          78.0       22.0       0.0        0.0        0.0        0.0        0.0        9999.0     0.0
C0         c          57.0       45.0       18.0       14.0       4.0        40.0       169.0      216.0      10.0
C11        c          68.0       32.0       10.0       5.0        5.0        30.0       147.0      180.0      10.0
C30        c          39.0       8.0        23.0       5.0        18.0       30.0       133.0      268.0      10.0
C43        c          57.0       84.0       19.0       13.0       6.0        35.0       176.0      277.0      10.0
C45        c          56.0       34.0       18.0       11.0       7.0        40.0       203.0      273.0      10.0
C46        c          35.0       35.0       19.0       19.0       0.0        40.0       182.0      229.0      10.0
C50        c          37.0       33.0       18.0       16.0       2.0        40.0       138.0      173.0      10.0
C52        c          18.0       76.0       12.0       3.0        9.0        50.0       144.0      267.0      10.0
C58        c          51.0       66.0       31.0       24.0       7.0        35.0       173.0      290.0      10.0
C79        c          49.0       45.0       19.0       17.0       2.0        35.0       192.0      238.0      10.0
C83        c          30.0       41.0       24.0       18.0       6.0        40.0       117.0      232.0      10.0
C85        c          14.0       78.0       14.0       3.0        11.0       45.0       136.0      185.0      10.0
C86        c          48.0       16.0       21.0       7.0        14.0       45.0       131.0      234.0      10.0
C90        c          87.0       26.0       2.0        1.0        1.0        35.0       183.0      195.0      10.0
C91        c          26.0       31.0       2.0        2.0        0.0        30.0       145.0      161.0      10.0

L Large vehicle loading capacity /800.0/
C Electric vehicle loading capacity /100.0/
Q Electric vehicle battery capacity /79.7/
r Fuel consumption rate /1.0/
g Inverse refueling rate /0.4/
v Average velocity /1.0/
