StringID   Type       x          y          demand     DeliveryDemand  PickupDemand  DivisionRate ReadyTime  DueDate    ServiceTime
D0         d          50.0       150.0      0.0        0.0        0.0        0.0        0.0        9999.0     0.0
S1         s          50.0       25.0       0.0        0.0        0.0        0.0        0.0        9999.0     0.0
S6         s          50.0       75.0       0.0        0.0        0.0        0.0        0.0        9999.0     0.0
F_sS1      f          50.0       25.0       0.0        0.0        0.0        0.0        0.0        9999.0     0.0
F_sS6      f          50.0       75.0       0.0        0.0        0.0        0.0        0.0        9999.0     0.0
F8         f          46.0       86.0       0.0        0.0        0.0        0.0        0.0        9999.0     0.0
F19        f          72.0       34.0       0.0        0.0        0.0        0.0        0.0        9999.0     0.0
F2         f          81.0       40.0       0.0        0.0        0.0        0.0        0.0        9999.0     0.0
F12        f          42.0       28.0       0.0        0.0        0.0        0.0        0.0        9999.0     0.0
C2         c          13.0       10.0       18.0       14.0       4.0        45.0       192.0      204.0      10.0
C19        c          61.0       84.0       5.0        4.0        1.0        50.0       110.0      254.0      10.0
C20        c          15.0       79.0       2.0        0.0        2.0        40.0       137.0      297.0      10.0
C21        c          39.0       10.0       16.0       4.0        12.0       50.0       110.0      261.0      10.0
C25        c          38.0       6.0        27.0       4.0        23.0       25.0       103.0      293.0      10.0
C31        c          9.0        16.0       21.0       12.0       9.0        30.0       104.0      297.0      10.0
C43        c          58.0       42.0       18.0       13.0       5.0        30.0       178.0      206.0      10.0
C45        c          60.0       45.0       26.0       20.0       6.0        25.0       180.0      252.0      10.0
C54        c          16.0       73.0       2.0        0.0        2.0        35.0       160.0      240.0      10.0
C61        c          39.0       56.0       2.0        1.0        1.0        45.0       145.0      287.0      10.0
C63        c          15.0       74.0       3.0        1.0        2.0        30.0       219.0      229.0      10.0
C68        c          57.0       27.0       8.0        4.0        4.0        50.0       219.0      240.0      10.0
C78        c          16.0       24.0       25.0       17.0       8.0        30.0       212.0      231.0      10.0
C94        c          33.0       6.0        12.0       2.0        10.0       40.0       133.0      239.0      10.0
C99        c          33.0       10.0       16.0       5.0        11.0       45.0       125.0      248.0      10.0

L Large vehicle loading capacity /800.0/
C Electric vehicle loading capacity /100.0/
Q Electric vehicle battery capacity /79.7/
r Fuel consumption rate /1.0/
g Inverse refueling rate /0.4/
v Average velocity /1.0/
