StringID   Type       x          y          demand     DeliveryDemand  PickupDemand  DivisionRate ReadyTime  DueDate    ServiceTime
D0         d          50.0       150.0      0.0        0.0        0.0        0.0        0.0        9999.0     0.0
S1         s          50.0       25.0       0.0        0.0        0.0        0.0        0.0        9999.0     0.0
S6         s          50.0       75.0       0.0        0.0        0.0        0.0        0.0        9999.0     0.0
F_sS1      f          50.0       25.0       0.0        0.0        0.0        0.0        0.0        9999.0     0.0
F_sS6      f          50.0       75.0       0.0        0.0        0.0        0.0        0.0        9999.0     0.0
F0         f          41.0       73.0       0.0        0.0        0.0        0.0        0.0        9999.0     0.0           
F10        f          36.0       74.0       0.0        0.0        0.0        0.0        0.0        9999.0     0.0           
F20        f          16.0       30.0       0.0        0.0        0.0        0.0        0.0        9999.0     0.0       
F20        f          26.0       45.0       0.0        0.0        0.0        0.0        0.0        9999.0     0.0        
F20        f          76.0       20.0       0.0        0.0        0.0        0.0        0.0        9999.0     0.0              
C5         c          43.0       78.0       2.0        1.0        1.0        25.0       280.0      318.0      10.0
C12        c          10.0       45.0       17.0       4.0        13.0       25.0       250.0      302.0      10.0
C13        c          17.0       32.0       14.0       7.0        7.0        35.0       132.0      244.0      10.0
C17        c          5.0        9.0        25.0       14.0       11.0       40.0       128.0      320.0      10.0
C29        c          48.0       16.0       25.0       8.0        17.0       50.0       242.0      269.0      10.0
C38        c          59.0       91.0       22.0       14.0       8.0        40.0       143.0      225.0      10.0
C42        c          36.0       56.0       12.0       8.0        4.0        30.0       288.0      290.0      10.0
C53        c          60.0       23.0       16.0       6.0        10.0       30.0       197.0      318.0      10.0
C65        c          3.0        62.0       7.0        0.0        7.0        35.0       171.0      241.0      10.0
C71        c          93.0       26.0       16.0       4.0        12.0       20.0       114.0      263.0      10.0
C73        c          16.0       75.0       10.0       2.0        8.0        30.0       128.0      251.0      10.0
C77        c          57.0       94.0       25.0       15.0       10.0       50.0       181.0      302.0      10.0
C78        c          61.0       91.0       12.0       8.0        4.0        20.0       194.0      248.0      10.0
C80        c          3.0        45.0       13.0       1.0        12.0       40.0       172.0      186.0      10.0
C99        c          47.0       73.0       28.0       18.0       10.0       45.0       172.0      218.0      10.0

L Large vehicle loading capacity /800.0/
C Electric vehicle loading capacity /100.0/
Q Electric vehicle battery capacity /79.7/
r Fuel consumption rate /1.0/
g Inverse refueling rate /0.4/
v Average velocity /1.0/
