StringID   Type       x          y          demand     DeliveryDemand  PickupDemand  DivisionRate ReadyTime  DueDate    ServiceTime
D0         d          50.0       150.0      0.0        0.0        0.0        0.0        0.0        9999.0     0.0
S1         s          50.0       25.0       0.0        0.0        0.0        0.0        0.0        9999.0     0.0
S6         s          50.0       75.0       0.0        0.0        0.0        0.0        0.0        9999.0     0.0
F_sS1      f          50.0       25.0       0.0        0.0        0.0        0.0        0.0        9999.0     0.0
F_sS6      f          50.0       75.0       0.0        0.0        0.0        0.0        0.0        9999.0     0.0
F12        f          28.0       42.0       0.0        0.0        0.0        0.0        0.0        9999.0     0.0
F18        f          62.0       29.0       0.0        0.0        0.0        0.0        0.0        9999.0     0.0
F6         f          62.0       40.0       0.0        0.0        0.0        0.0        0.0        9999.0     0.0
F13        f          49.0       41.0       0.0        0.0        0.0        0.0        0.0        9999.0     0.0
C9         c          32.0       38.0       29.0       24.0       5.0        40.0       206.0      237.0      10.0
C11        c          59.0       16.0       29.0       8.0        21.0       35.0       168.0      195.0      10.0
C14        c          64.0       11.0       18.0       3.0        15.0       40.0       239.0      262.0      10.0
C23        c          22.0       85.0       28.0       7.0        21.0       30.0       200.0      309.0      10.0
C24        c          61.0       20.0       19.0       6.0        13.0       40.0       112.0      226.0      10.0
C31        c          17.0       73.0       15.0       3.0        12.0       35.0       164.0      213.0      10.0
C32        c          6.0        20.0       22.0       7.0        15.0       30.0       226.0      227.0      10.0
C53        c          18.0       72.0       22.0       6.0        16.0       45.0       246.0      312.0      10.0
C54        c          65.0       1.0        26.0       0.0        26.0       50.0       119.0      193.0      10.0
C73        c          90.0       30.0       35.0       12.0       23.0       25.0       271.0      274.0      10.0
C77        c          12.0       42.0       19.0       5.0        14.0       30.0       158.0      262.0      10.0
C80        c          63.0       33.0       15.0       8.0        7.0        40.0       268.0      321.0      10.0
C90        c          48.0       16.0       5.0        2.0        3.0        30.0       175.0      184.0      10.0
C92        c          93.0       33.0       28.0       10.0       18.0       30.0       229.0      277.0      10.0
C98        c          17.0       30.0       13.0       7.0        6.0        50.0       153.0      196.0      10.0

L Large vehicle loading capacity /800.0/
C Electric vehicle loading capacity /100.0/
Q Electric vehicle battery capacity /79.7/
r Fuel consumption rate /1.0/
g Inverse refueling rate /0.4/
v Average velocity /1.0/
