StringID   Type       x          y          demand     DeliveryDemand  PickupDemand  DivisionRate ReadyTime  DueDate    ServiceTime
D0         d          50.0       150.0      0.0        0.0        0.0        0.0        0.0        9999.0     0.0
S1         s          50.0       25.0       0.0        0.0        0.0        0.0        0.0        9999.0     0.0
S6         s          50.0       75.0       0.0        0.0        0.0        0.0        0.0        9999.0     0.0
F_sS1      f          50.0       25.0       0.0        0.0        0.0        0.0        0.0        9999.0     0.0
F_sS6      f          50.0       75.0       0.0        0.0        0.0        0.0        0.0        9999.0     0.0
F0         f          81.0       41.0       0.0        0.0        0.0        0.0        0.0        9999.0     0.0
F15        f          62.0       64.0       0.0        0.0        0.0        0.0        0.0        9999.0     0.0
F5         f          90.0       47.0       0.0        0.0        0.0        0.0        0.0        9999.0     0.0
F14        f          47.0       23.0       0.0        0.0        0.0        0.0        0.0        9999.0     0.0
C22        c          60.0       23.0       28.0       11.0       17.0       35.0       268.0      279.0      10.0
C27        c          32.0       33.0       4.0        4.0        0.0        45.0       175.0      246.0      10.0
C36        c          53.0       60.0       20.0       18.0       2.0        35.0       165.0      167.0      10.0
C45        c          32.0       37.0       33.0       29.0       4.0        35.0       231.0      234.0      10.0
C46        c          60.0       80.0       29.0       22.0       7.0        50.0       193.0      236.0      10.0
C50        c          18.0       33.0       8.0        4.0        4.0        50.0       156.0      181.0      10.0
C53        c          59.0       42.0       22.0       16.0       6.0        45.0       186.0      209.0      10.0
C63        c          59.0       84.0       16.0       11.0       5.0        20.0       110.0      319.0      10.0
C65        c          55.0       71.0       6.0        5.0        1.0        30.0       177.0      321.0      10.0
C75        c          30.0       65.0       27.0       12.0       15.0       45.0       139.0      261.0      10.0
C78        c          28.0       31.0       15.0       14.0       1.0        25.0       226.0      290.0      10.0
C89        c          40.0       7.0        18.0       3.0        15.0       40.0       253.0      311.0      10.0
C90        c          18.0       54.0       20.0       7.0        13.0       35.0       139.0      295.0      10.0
C92        c          93.0       33.0       17.0       6.0        11.0       35.0       168.0      271.0      10.0
C94        c          48.0       28.0       6.0        4.0        2.0        30.0       120.0      156.0      10.0

L Large vehicle loading capacity /800.0/
C Electric vehicle loading capacity /100.0/
Q Electric vehicle battery capacity /79.7/
r Fuel consumption rate /1.0/
g Inverse refueling rate /0.4/
v Average velocity /1.0/
