StringID   Type       x          y          demand     DeliveryDemand  PickupDemand  DivisionRate ReadyTime  DueDate    ServiceTime
D0         d          50.0       150.0      0.0        0.0        0.0        0.0        0.0        9999.0     0.0
S1         s          50.0       25.0       0.0        0.0        0.0        0.0        0.0        9999.0     0.0
S6         s          50.0       75.0       0.0        0.0        0.0        0.0        0.0        9999.0     0.0
F_sS1      f          50.0       25.0       0.0        0.0        0.0        0.0        0.0        9999.0     0.0
F_sS6      f          50.0       75.0       0.0        0.0        0.0        0.0        0.0        9999.0     0.0
F17        f          29.0       36.0       0.0        0.0        0.0        0.0        0.0        9999.0     0.0
F8         f          21.0       43.0       0.0        0.0        0.0        0.0        0.0        9999.0     0.0
F1         f          31.0       39.0       0.0        0.0        0.0        0.0        0.0        9999.0     0.0
F0         f          60.0       42.0       0.0        0.0        0.0        0.0        0.0        9999.0     0.0
C16        c          44.0       49.0       16.0       14.0       2.0        25.0       240.0      244.0      10.0
C20        c          36.0       63.0       28.0       16.0       12.0       20.0       101.0      319.0      10.0
C21        c          89.0       34.0       13.0       5.0        8.0        25.0       239.0      287.0      10.0
C33        c          62.0       75.0       15.0       12.0       3.0        25.0       131.0      206.0      10.0
C51        c          26.0       82.0       11.0       3.0        8.0        20.0       103.0      265.0      10.0
C55        c          49.0       32.0       4.0        3.0        1.0        35.0       177.0      274.0      10.0
C59        c          6.0        43.0       21.0       3.0        18.0       25.0       179.0      277.0      10.0
C61        c          57.0       44.0       24.0       19.0       5.0        45.0       107.0      260.0      10.0
C65        c          19.0       81.0       13.0       3.0        10.0       45.0       175.0      236.0      10.0
C78        c          49.0       55.0       21.0       19.0       2.0        35.0       129.0      186.0      10.0
C81        c          67.0       83.0       23.0       19.0       4.0        35.0       240.0      293.0      10.0
C84        c          19.0       79.0       16.0       4.0        12.0       45.0       224.0      308.0      10.0
C89        c          33.0       47.0       15.0       11.0       4.0        35.0       202.0      242.0      10.0
C90        c          49.0       39.0       19.0       15.0       4.0        40.0       148.0      243.0      10.0
C97        c          12.0       56.0       10.0       2.0        8.0        40.0       278.0      291.0      10.0

L Large vehicle loading capacity /800.0/
C Electric vehicle loading capacity /100.0/
Q Electric vehicle battery capacity /79.7/
r Fuel consumption rate /1.0/
g Inverse refueling rate /0.4/
v Average velocity /1.0/
