StringID   Type       x          y          demand     DeliveryDemand  PickupDemand  DivisionRate ReadyTime  DueDate    ServiceTime
D0         d          50.0       150.0      0.0        0.0        0.0        0.0        0.0        9999.0     0.0
S1         s          50.0       25.0       0.0        0.0        0.0        0.0        0.0        9999.0     0.0
S6         s          50.0       75.0       0.0        0.0        0.0        0.0        0.0        9999.0     0.0
F_sS1      f          50.0       25.0       0.0        0.0        0.0        0.0        0.0        9999.0     0.0
F_sS6      f          50.0       75.0       0.0        0.0        0.0        0.0        0.0        9999.0     0.0
F11        f          0.0        96.0       0.0        0.0        0.0        0.0        0.0        9999.0     0.0
F16        f          59.0       33.0       0.0        0.0        0.0        0.0        0.0        9999.0     0.0
F9         f          23.0       30.0       0.0        0.0        0.0        0.0        0.0        9999.0     0.0
F13        f          28.0       30.0       0.0        0.0        0.0        0.0        0.0        9999.0     0.0
C22        c          37.0       5.0        17.0       2.0        15.0       30.0       169.0      234.0      10.0
C25        c          51.0       39.0       39.0       30.0       9.0        25.0       173.0      264.0      10.0
C35        c          65.0       18.0       20.0       6.0        14.0       25.0       259.0      260.0      10.0
C36        c          13.0       21.0       32.0       20.0       12.0       25.0       173.0      230.0      10.0
C37        c          36.0       6.0        29.0       5.0        24.0       50.0       140.0      215.0      10.0
C39        c          17.0       75.0       11.0       2.0        9.0        45.0       178.0      300.0      10.0
C43        c          88.0       35.0       7.0        3.0        4.0        30.0       221.0      277.0      10.0
C45        c          13.0       12.0       20.0       18.0       2.0        50.0       131.0      273.0      10.0
C46        c          58.0       12.0       23.0       5.0        18.0       40.0       174.0      181.0      10.0
C50        c          59.0       90.0       15.0       10.0       5.0        20.0       124.0      231.0      10.0
C56        c          53.0       74.0       15.0       11.0       4.0        50.0       197.0      256.0      10.0
C68        c          17.0       18.0       24.0       23.0       1.0        45.0       185.0      195.0      10.0
C73        c          64.0       41.0       23.0       15.0       8.0        30.0       223.0      232.0      10.0
C81        c          31.0       35.0       18.0       16.0       2.0        35.0       139.0      291.0      10.0
C83        c          33.0       32.0       23.0       22.0       1.0        50.0       113.0      129.0      10.0

L Large vehicle loading capacity /800.0/
C Electric vehicle loading capacity /100.0/
Q Electric vehicle battery capacity /79.7/
r Fuel consumption rate /1.0/
g Inverse refueling rate /0.4/
v Average velocity /1.0/
