StringID   Type       x          y          demand     DeliveryDemand  PickupDemand  DivisionRate ReadyTime  DueDate    ServiceTime
D0         d          50.0       150.0      0.0        0.0        0.0        0.0        0.0        9999.0     0.0
S1         s          50.0       25.0       0.0        0.0        0.0        0.0        0.0        9999.0     0.0
S6         s          50.0       75.0       0.0        0.0        0.0        0.0        0.0        9999.0     0.0
F_sS1      f          50.0       25.0       0.0        0.0        0.0        0.0        0.0        9999.0     0.0
F_sS6      f          50.0       75.0       0.0        0.0        0.0        0.0        0.0        9999.0     0.0
F10        f          51.0       56.0       0.0        0.0        0.0        0.0        0.0        9999.0     0.0
F1         f          71.0       47.0       0.0        0.0        0.0        0.0        0.0        9999.0     0.0
F20        f          41.0       55.0       0.0        0.0        0.0        0.0        0.0        9999.0     0.0
F18        f          10.0       62.0       0.0        0.0        0.0        0.0        0.0        9999.0     0.0
C0         c          17.0       16.0       30.0       28.0       2.0        20.0       116.0      281.0      10.0
C1         c          1.0        44.0       10.0       0.0        10.0       50.0       185.0      317.0      10.0
C3         c          30.0       55.0       20.0       11.0       9.0        40.0       194.0      283.0      10.0
C5         c          37.0       61.0       6.0        4.0        2.0        30.0       133.0      294.0      10.0
C11        c          58.0       30.0       24.0       12.0       12.0       50.0       170.0      273.0      10.0
C22        c          15.0       17.0       27.0       24.0       3.0        30.0       134.0      321.0      10.0
C23        c          43.0       33.0       25.0       19.0       6.0        35.0       257.0      271.0      10.0
C28        c          30.0       45.0       25.0       17.0       8.0        20.0       172.0      268.0      10.0
C29        c          62.0       75.0       19.0       16.0       3.0        40.0       235.0      313.0      10.0
C39        c          60.0       68.0       11.0       10.0       1.0        35.0       156.0      188.0      10.0
C61        c          30.0       58.0       19.0       10.0       9.0        25.0       185.0      235.0      10.0
C78        c          31.0       62.0       10.0       5.0        5.0        20.0       148.0      178.0      10.0
C83        c          35.0       69.0       21.0       11.0       10.0       40.0       249.0      276.0      10.0
C87        c          52.0       55.0       26.0       25.0       1.0        25.0       205.0      317.0      10.0
C91        c          30.0       69.0       13.0       6.0        7.0        25.0       208.0      298.0      10.0

L Large vehicle loading capacity /800.0/
C Electric vehicle loading capacity /100.0/
Q Electric vehicle battery capacity /79.7/
r Fuel consumption rate /1.0/
g Inverse refueling rate /0.4/
v Average velocity /1.0/
