StringID   Type       x          y          demand     DeliveryDemand  PickupDemand  DivisionRate ReadyTime  DueDate    ServiceTime
D0         d          50.0       150.0      0.0        0.0        0.0        0.0        0.0        9999.0     0.0
S1         s          50.0       25.0       0.0        0.0        0.0        0.0        0.0        9999.0     0.0
S6         s          50.0       75.0       0.0        0.0        0.0        0.0        0.0        9999.0     0.0
F_sS1      f          50.0       25.0       0.0        0.0        0.0        0.0        0.0        9999.0     0.0
F_sS6      f          50.0       75.0       0.0        0.0        0.0        0.0        0.0        9999.0     0.0
F13        f          23.0       36.0       0.0        0.0        0.0        0.0        0.0        9999.0     0.0
F17        f          90.0       12.0       0.0        0.0        0.0        0.0        0.0        9999.0     0.0
F0         f          10.0       43.0       0.0        0.0        0.0        0.0        0.0        9999.0     0.0
F2         f          0.0        96.0       0.0        0.0        0.0        0.0        0.0        9999.0     0.0
C5         c          63.0       81.0       16.0       12.0       4.0        40.0       149.0      237.0      10.0
C8         c          5.0        50.0       2.0        0.0        2.0        50.0       235.0      251.0      10.0
C10        c          18.0       22.0       23.0       19.0       4.0        35.0       200.0      248.0      10.0
C22        c          61.0       83.0       13.0       10.0       3.0        30.0       148.0      264.0      10.0
C34        c          54.0       76.0       13.0       9.0        4.0        30.0       233.0      241.0      10.0
C38        c          82.0       25.0       9.0        3.0        6.0        20.0       145.0      186.0      10.0
C43        c          28.0       67.0       21.0       9.0        12.0       25.0       160.0      278.0      10.0
C44        c          9.0        13.0       15.0       10.0       5.0        45.0       164.0      170.0      10.0
C45        c          40.0       61.0       12.0       8.0        4.0        35.0       176.0      256.0      10.0
C61        c          51.0       60.0       7.0        6.0        1.0        30.0       138.0      149.0      10.0
C71        c          55.0       48.0       37.0       32.0       5.0        40.0       121.0      240.0      10.0
C72        c          56.0       45.0       16.0       13.0       3.0        35.0       223.0      242.0      10.0
C77        c          64.0       30.0       12.0       6.0        6.0        35.0       123.0      312.0      10.0
C84        c          50.0       21.0       17.0       7.0        10.0       30.0       137.0      142.0      10.0
C86        c          33.0       34.0       19.0       18.0       1.0        35.0       252.0      312.0      10.0

L Large vehicle loading capacity /800.0/
C Electric vehicle loading capacity /100.0/
Q Electric vehicle battery capacity /79.7/
r Fuel consumption rate /1.0/
g Inverse refueling rate /0.4/
v Average velocity /1.0/
