StringID   Type       x          y          demand     DeliveryDemand  PickupDemand  DivisionRate ReadyTime  DueDate    ServiceTime
D0         d          50.0       150.0      0.0        0.0        0.0        0.0        0.0        9999.0     0.0
S1         s          50.0       25.0       0.0        0.0        0.0        0.0        0.0        9999.0     0.0
S6         s          50.0       75.0       0.0        0.0        0.0        0.0        0.0        9999.0     0.0
F_sS1      f          50.0       25.0       0.0        0.0        0.0        0.0        0.0        9999.0     0.0
F_sS6      f          50.0       75.0       0.0        0.0        0.0        0.0        0.0        9999.0     0.0
F8         f          28.0       69.0       0.0        0.0        0.0        0.0        0.0        9999.0     0.0
F13        f          30.0       47.0       0.0        0.0        0.0        0.0        0.0        9999.0     0.0      
F10        f          48.0       16.0       0.0        0.0        0.0        0.0        0.0        9999.0     0.0            
F17        f          77.0       37.0       0.0        0.0        0.0        0.0        0.0        9999.0     0.0            
C4         c          22.0       60.0       22.0       8.0        14.0       50.0       283.0      310.0      10.0
C14        c          9.0        47.0       4.0        1.0        3.0        40.0       228.0      233.0      10.0
C17        c          86.0       35.0       31.0       13.0       18.0       50.0       182.0      187.0      10.0
C29        c          60.0       78.0       9.0        7.0        2.0        20.0       101.0      283.0      10.0
C33        c          11.0       7.0        18.0       11.0       7.0        30.0       232.0      235.0      10.0
C39        c          46.0       64.0       17.0       12.0       5.0        30.0       145.0      153.0      10.0
C45        c          35.0       9.0        12.0       3.0        9.0        30.0       180.0      203.0      10.0
C49        c          90.0       33.0       27.0       10.0       17.0       25.0       125.0      267.0      10.0
C59        c          13.0       75.0       11.0       2.0        9.0        50.0       186.0      242.0      10.0
C61        c          38.0       37.0       17.0       17.0       0.0        35.0       147.0      157.0      10.0
C66        c          90.0       34.0       21.0       8.0        13.0       30.0       184.0      185.0      10.0
C76        c          59.0       82.0       16.0       12.0       4.0        35.0       127.0      162.0      10.0
C77        c          25.0       80.0       22.0       7.0        15.0       20.0       158.0      278.0      10.0
C78        c          2.0        46.0       15.0       1.0        14.0       50.0       185.0      306.0      10.0
C93        c          25.0       53.0       22.0       10.0       12.0       45.0       202.0      268.0      10.0

L Large vehicle loading capacity /800.0/
C Electric vehicle loading capacity /100.0/
Q Electric vehicle battery capacity /79.7/
r Fuel consumption rate /1.0/
g Inverse refueling rate /0.4/
v Average velocity /1.0/
