StringID   Type       x          y          demand     DeliveryDemand  PickupDemand  DivisionRate ReadyTime  DueDate    ServiceTime
D0         d          50.0       150.0      0.0        0.0        0.0        0.0        0.0        9999.0     0.0
S1         s          50.0       25.0       0.0        0.0        0.0        0.0        0.0        9999.0     0.0
S6         s          50.0       75.0       0.0        0.0        0.0        0.0        0.0        9999.0     0.0
F_sS1      f          50.0       25.0       0.0        0.0        0.0        0.0        0.0        9999.0     0.0
F_sS6      f          50.0       75.0       0.0        0.0        0.0        0.0        0.0        9999.0     0.0
F3         f          10.0       26.0       0.0        0.0        0.0        0.0        0.0        9999.0     0.0
F12        f          64.0       79.0       0.0        0.0        0.0        0.0        0.0        9999.0     0.0
F7         f          14.0       40.0       0.0        0.0        0.0        0.0        0.0        9999.0     0.0
F4         f          45.0       37.0       0.0        0.0        0.0        0.0        0.0        9999.0     0.0
C1         c          58.0       80.0       23.0       17.0       6.0        35.0       149.0      163.0      10.0
C13        c          78.0       35.0       18.0       8.0        10.0       35.0       123.0      242.0      10.0
C28        c          65.0       57.0       30.0       26.0       4.0        35.0       155.0      200.0      10.0
C29        c          32.0       49.0       23.0       15.0       8.0        35.0       226.0      282.0      10.0
C33        c          21.0       49.0       25.0       11.0       14.0       35.0       101.0      293.0      10.0
C39        c          15.0       81.0       9.0        2.0        7.0        25.0       201.0      258.0      10.0
C52        c          82.0       26.0       24.0       8.0        16.0       35.0       160.0      198.0      10.0
C54        c          8.0        10.0       20.0       16.0       4.0        50.0       192.0      287.0      10.0
C67        c          38.0       27.0       18.0       13.0       5.0        30.0       198.0      228.0      10.0
C75        c          27.0       8.0        19.0       6.0        13.0       45.0       150.0      243.0      10.0
C78        c          38.0       65.0       27.0       16.0       11.0       50.0       240.0      306.0      10.0
C81        c          20.0       81.0       21.0       5.0        16.0       40.0       148.0      161.0      10.0
C85        c          61.0       73.0       18.0       15.0       3.0        45.0       252.0      253.0      10.0
C87        c          17.0       82.0       2.0        0.0        2.0        40.0       155.0      193.0      10.0
C93        c          20.0       81.0       14.0       3.0        11.0       50.0       198.0      262.0      10.0

L Large vehicle loading capacity /800.0/
C Electric vehicle loading capacity /100.0/
Q Electric vehicle battery capacity /79.7/
r Fuel consumption rate /1.0/
g Inverse refueling rate /0.4/
v Average velocity /1.0/
