StringID   Type       x          y          demand     DeliveryDemand  PickupDemand  DivisionRate ReadyTime  DueDate    ServiceTime
D0         d          50.0       150.0      0.0        0.0        0.0        0.0        0.0        9999.0     0.0
S1         s          50.0       25.0       0.0        0.0        0.0        0.0        0.0        9999.0     0.0
S6         s          50.0       75.0       0.0        0.0        0.0        0.0        0.0        9999.0     0.0
F_sS1      f          50.0       25.0       0.0        0.0        0.0        0.0        0.0        9999.0     0.0
F_sS6      f          50.0       75.0       0.0        0.0        0.0        0.0        0.0        9999.0     0.0
F11        f          21.0       96.0       0.0        0.0        0.0        0.0        0.0        9999.0     0.0
F0         f          41.0       38.0       0.0        0.0        0.0        0.0        0.0        9999.0     0.0
F14        f          9.0        96.0       0.0        0.0        0.0        0.0        0.0        9999.0     0.0
F12        f          72.0       57.0       0.0        0.0        0.0        0.0        0.0        9999.0     0.0
C6         c          13.0       75.0       28.0       5.0        23.0       45.0       130.0      209.0      10.0
C11        c          38.0       11.0       17.0       5.0        12.0       25.0       141.0      300.0      10.0
C17        c          61.0       72.0       7.0        6.0        1.0        25.0       264.0      266.0      10.0
C18        c          83.0       33.0       18.0       7.0        11.0       30.0       236.0      260.0      10.0
C19        c          3.0        49.0       2.0        0.0        2.0        30.0       180.0      194.0      10.0
C31        c          59.0       54.0       23.0       21.0       2.0        45.0       262.0      306.0      10.0
C35        c          49.0       18.0       10.0       4.0        6.0        40.0       139.0      248.0      10.0
C47        c          5.0        41.0       20.0       2.0        18.0       40.0       168.0      219.0      10.0
C52        c          16.0       85.0       10.0       2.0        8.0        20.0       208.0      231.0      10.0
C55        c          31.0       61.0       30.0       15.0       15.0       20.0       120.0      177.0      10.0
C68        c          4.0        45.0       18.0       2.0        16.0       40.0       204.0      290.0      10.0
C86        c          42.0       63.0       21.0       14.0       7.0        40.0       142.0      244.0      10.0
C87        c          3.0        41.0       22.0       2.0        20.0       35.0       215.0      265.0      10.0
C89        c          9.0        40.0       23.0       5.0        18.0       25.0       160.0      200.0      10.0
C97        c          13.0       18.0       13.0       9.0        4.0        20.0       133.0      286.0      10.0

L Large vehicle loading capacity /800.0/
C Electric vehicle loading capacity /100.0/
Q Electric vehicle battery capacity /79.7/
r Fuel consumption rate /1.0/
g Inverse refueling rate /0.4/
v Average velocity /1.0/
