StringID   Type       x          y          demand     DeliveryDemand  PickupDemand  DivisionRate ReadyTime  DueDate    ServiceTime
D0         d          50.0       150.0      0.0        0.0        0.0        0.0        0.0        9999.0     0.0
S1         s          50.0       25.0       0.0        0.0        0.0        0.0        0.0        9999.0     0.0
S6         s          50.0       75.0       0.0        0.0        0.0        0.0        0.0        9999.0     0.0
F_sS1      f          50.0       25.0       0.0        0.0        0.0        0.0        0.0        9999.0     0.0
F_sS6      f          50.0       75.0       0.0        0.0        0.0        0.0        0.0        9999.0     0.0
F13        f          86.0       24.0       0.0        0.0        0.0        0.0        0.0        9999.0     0.0
F12        f          65.0       34.0       0.0        0.0        0.0        0.0        0.0        9999.0     0.0
F19        f          42.0       69.0       0.0        0.0        0.0        0.0        0.0        9999.0     0.0
F9         f          70.0       54.0       0.0        0.0        0.0        0.0        0.0        9999.0     0.0
C8         c          31.0       33.0       23.0       22.0       1.0        35.0       150.0      248.0      10.0
C9         c          20.0       57.0       2.0        1.0        1.0        40.0       107.0      268.0      10.0
C18        c          28.0       85.0       25.0       8.0        17.0       40.0       112.0      259.0      10.0
C22        c          35.0       61.0       18.0       10.0       8.0        50.0       156.0      292.0      10.0
C26        c          36.0       8.0        32.0       7.0        25.0       45.0       129.0      269.0      10.0
C27        c          57.0       21.0       2.0        1.0        1.0        30.0       265.0      270.0      10.0
C41        c          14.0       47.0       9.0        3.0        6.0        45.0       191.0      261.0      10.0
C42        c          39.0       60.0       33.0       21.0       12.0       35.0       146.0      216.0      10.0
C49        c          19.0       79.0       9.0        2.0        7.0        25.0       190.0      205.0      10.0
C59        c          15.0       81.0       26.0       5.0        21.0       40.0       115.0      188.0      10.0
C74        c          61.0       84.0       7.0        5.0        2.0        35.0       234.0      243.0      10.0
C91        c          20.0       84.0       15.0       4.0        11.0       40.0       200.0      231.0      10.0
C94        c          30.0       90.0       27.0       9.0        18.0       30.0       181.0      279.0      10.0
C96        c          57.0       20.0       17.0       6.0        11.0       30.0       171.0      221.0      10.0
C99        c          33.0       60.0       11.0       6.0        5.0        45.0       159.0      193.0      10.0

L Large vehicle loading capacity /800.0/
C Electric vehicle loading capacity /100.0/
Q Electric vehicle battery capacity /79.7/
r Fuel consumption rate /1.0/
g Inverse refueling rate /0.4/
v Average velocity /1.0/
