StringID   Type       x          y          demand     DeliveryDemand  PickupDemand  DivisionRate ReadyTime  DueDate    ServiceTime
D0         d          50.0       150.0      0.0        0.0        0.0        0.0        0.0        9999.0     0.0
S1         s          50.0       25.0       0.0        0.0        0.0        0.0        0.0        9999.0     0.0
S6         s          50.0       75.0       0.0        0.0        0.0        0.0        0.0        9999.0     0.0
F_sS1      f          50.0       25.0       0.0        0.0        0.0        0.0        0.0        9999.0     0.0
F_sS6      f          50.0       75.0       0.0        0.0        0.0        0.0        0.0        9999.0     0.0
F9         f          47.0       49.0       0.0        0.0        0.0        0.0        0.0        9999.0     0.0
F17        f          12.0       48.0       0.0        0.0        0.0        0.0        0.0        9999.0     0.0
F13        f          44.0       29.0       0.0        0.0        0.0        0.0        0.0        9999.0     0.0
F20        f          80.0       31.0       0.0        0.0        0.0        0.0        0.0        9999.0     0.0
C7         c          88.0       34.0       20.0       8.0        12.0       30.0       104.0      163.0      10.0
C14        c          25.0       58.0       8.0        3.0        5.0        40.0       170.0      263.0      10.0
C18        c          52.0       72.0       9.0        6.0        3.0        30.0       184.0      228.0      10.0
C26        c          9.0        31.0       8.0        2.0        6.0        45.0       207.0      224.0      10.0
C27        c          39.0       12.0       28.0       9.0        19.0       20.0       143.0      257.0      10.0
C36        c          33.0       42.0       15.0       12.0       3.0        20.0       132.0      199.0      10.0
C42        c          43.0       11.0       40.0       10.0       30.0       30.0       194.0      316.0      10.0
C44        c          21.0       47.0       18.0       8.0        10.0       30.0       223.0      232.0      10.0
C50        c          25.0       87.0       26.0       7.0        19.0       30.0       179.0      281.0      10.0
C52        c          2.0        49.0       13.0       1.0        12.0       30.0       147.0      210.0      10.0
C74        c          62.0       43.0       36.0       25.0       11.0       35.0       187.0      284.0      10.0
C81        c          23.0       55.0       27.0       11.0       16.0       50.0       142.0      183.0      10.0
C83        c          5.0        43.0       14.0       2.0        12.0       25.0       138.0      232.0      10.0
C92        c          22.0       64.0       19.0       7.0        12.0       30.0       119.0      150.0      10.0
C98        c          44.0       36.0       22.0       18.0       4.0        35.0       105.0      289.0      10.0

L Large vehicle loading capacity /800.0/
C Electric vehicle loading capacity /100.0/
Q Electric vehicle battery capacity /79.7/
r Fuel consumption rate /1.0/
g Inverse refueling rate /0.4/
v Average velocity /1.0/
