StringID   Type       x          y          demand     DeliveryDemand  PickupDemand  DivisionRate ReadyTime  DueDate    ServiceTime
D0         d          50.0       150.0      0.0        0.0        0.0        0.0        0.0        9999.0     0.0
S1         s          50.0       25.0       0.0        0.0        0.0        0.0        0.0        9999.0     0.0
S6         s          50.0       75.0       0.0        0.0        0.0        0.0        0.0        9999.0     0.0
F_sS1      f          50.0       25.0       0.0        0.0        0.0        0.0        0.0        9999.0     0.0
F_sS6      f          50.0       75.0       0.0        0.0        0.0        0.0        0.0        9999.0     0.0
F16        f          14.0       19.0       0.0        0.0        0.0        0.0        0.0        9999.0     0.0
F13        f          43.0       56.0       0.0        0.0        0.0        0.0        0.0        9999.0     0.0
F6         f          66.0       71.0       0.0        0.0        0.0        0.0        0.0        9999.0     0.0
F17        f          0.0        96.0       0.0        0.0        0.0        0.0        0.0        9999.0     0.0
C23        c          46.0       16.0       5.0        2.0        3.0        40.0       148.0      224.0      10.0
C41        c          11.0       17.0       5.0        3.0        2.0        35.0       176.0      224.0      10.0
C42        c          7.0        42.0       9.0        2.0        7.0        25.0       190.0      242.0      10.0
C43        c          9.0        47.0       18.0       3.0        15.0       40.0       231.0      281.0      10.0
C45        c          18.0       16.0       16.0       14.0       2.0        20.0       257.0      300.0      10.0
C54        c          10.0       55.0       13.0       2.0        11.0       35.0       137.0      148.0      10.0
C58        c          20.0       24.0       21.0       18.0       3.0        50.0       132.0      255.0      10.0
C65        c          32.0       36.0       22.0       20.0       2.0        35.0       169.0      209.0      10.0
C70        c          57.0       22.0       22.0       8.0        14.0       35.0       196.0      237.0      10.0
C76        c          37.0       16.0       25.0       11.0       14.0       40.0       234.0      285.0      10.0
C83        c          63.0       27.0       20.0       9.0        11.0       40.0       138.0      200.0      10.0
C86        c          78.0       0.0        26.0       0.0        26.0       25.0       277.0      285.0      10.0
C88        c          61.0       24.0       19.0       7.0        12.0       30.0       164.0      263.0      10.0
C92        c          33.0       5.0        31.0       5.0        26.0       45.0       201.0      224.0      10.0
C96        c          58.0       27.0       38.0       18.0       20.0       20.0       250.0      289.0      10.0

L Large vehicle loading capacity /800.0/
C Electric vehicle loading capacity /100.0/
Q Electric vehicle battery capacity /79.7/
r Fuel consumption rate /1.0/
g Inverse refueling rate /0.4/
v Average velocity /1.0/
