StringID   Type       x          y          demand     DeliveryDemand  PickupDemand  DivisionRate ReadyTime  DueDate    ServiceTime
D0         d          50.0       150.0      0.0        0.0        0.0        0.0        0.0        9999.0     0.0
S1         s          50.0       25.0       0.0        0.0        0.0        0.0        0.0        9999.0     0.0
S6         s          50.0       75.0       0.0        0.0        0.0        0.0        0.0        9999.0     0.0
F_sS1      f          50.0       25.0       0.0        0.0        0.0        0.0        0.0        9999.0     0.0
F_sS6      f          50.0       75.0       0.0        0.0        0.0        0.0        0.0        9999.0     0.0
F18        f          47.0       59.0       0.0        0.0        0.0        0.0        0.0        9999.0     0.0
F3         f          28.0       52.0       0.0        0.0        0.0        0.0        0.0        9999.0     0.0
F15        f          38.0       49.0       0.0        0.0        0.0        0.0        0.0        9999.0     0.0
F0         f          67.0       41.0       0.0        0.0        0.0        0.0        0.0        9999.0     0.0
C0         c          6.0        30.0       2.0        0.0        2.0        30.0       191.0      306.0      10.0
C8         c          55.0       43.0       22.0       17.0       5.0        50.0       132.0      222.0      10.0
C9         c          53.0       44.0       15.0       12.0       3.0        20.0       116.0      238.0      10.0
C15        c          52.0       41.0       22.0       17.0       5.0        45.0       210.0      239.0      10.0
C21        c          46.0       56.0       19.0       16.0       3.0        50.0       278.0      298.0      10.0
C22        c          55.0       56.0       17.0       17.0       0.0        40.0       175.0      193.0      10.0
C29        c          4.0        51.0       18.0       1.0        17.0       50.0       150.0      269.0      10.0
C32        c          63.0       83.0       19.0       14.0       5.0        35.0       267.0      298.0      10.0
C53        c          23.0       27.0       9.0        8.0        1.0        30.0       154.0      288.0      10.0
C57        c          26.0       33.0       15.0       12.0       3.0        30.0       146.0      264.0      10.0
C64        c          50.0       51.0       15.0       15.0       0.0        35.0       227.0      286.0      10.0
C69        c          13.0       14.0       15.0       14.0       1.0        45.0       101.0      276.0      10.0
C72        c          60.0       83.0       28.0       20.0       8.0        45.0       287.0      307.0      10.0
C79        c          58.0       78.0       3.0        2.0        1.0        25.0       171.0      238.0      10.0
C88        c          17.0       77.0       20.0       4.0        16.0       50.0       212.0      316.0      10.0

L Large vehicle loading capacity /800.0/
C Electric vehicle loading capacity /100.0/
Q Electric vehicle battery capacity /79.7/
r Fuel consumption rate /1.0/
g Inverse refueling rate /0.4/
v Average velocity /1.0/
