StringID   Type       x          y          demand     DeliveryDemand  PickupDemand  DivisionRate ReadyTime  DueDate    ServiceTime
D0         d          50.0       150.0      0.0        0.0        0.0        0.0        0.0        9999.0     0.0
S1         s          50.0       25.0       0.0        0.0        0.0        0.0        0.0        9999.0     0.0
S6         s          50.0       75.0       0.0        0.0        0.0        0.0        0.0        9999.0     0.0
F_sS1      f          50.0       25.0       0.0        0.0        0.0        0.0        0.0        9999.0     0.0
F_sS6      f          50.0       75.0       0.0        0.0        0.0        0.0        0.0        9999.0     0.0
F18        f          74.0       11.0       0.0        0.0        0.0        0.0        0.0        9999.0     0.0
F14        f          70.0       80.0       0.0        0.0        0.0        0.0        0.0        9999.0     0.0
F9         f          66.0       25.0       0.0        0.0        0.0        0.0        0.0        9999.0     0.0
F15        f          32.0       50.0       0.0        0.0        0.0        0.0        0.0        9999.0     0.0
C2         c          39.0       10.0       29.0       7.0        22.0       45.0       154.0      155.0      10.0
C8         c          56.0       48.0       7.0        6.0        1.0        40.0       191.0      226.0      10.0
C13        c          69.0       52.0       16.0       12.0       4.0        45.0       147.0      231.0      10.0
C16        c          65.0       88.0       30.0       22.0       8.0        40.0       188.0      262.0      10.0
C19        c          7.0        38.0       18.0       3.0        15.0       50.0       171.0      176.0      10.0
C32        c          34.0       56.0       2.0        1.0        1.0        20.0       245.0      271.0      10.0
C38        c          51.0       58.0       10.0       9.0        1.0        30.0       216.0      284.0      10.0
C40        c          34.0       4.0        23.0       3.0        20.0       30.0       113.0      212.0      10.0
C42        c          13.0       75.0       26.0       5.0        21.0       45.0       187.0      257.0      10.0
C50        c          15.0       78.0       40.0       8.0        32.0       30.0       105.0      248.0      10.0
C58        c          26.0       58.0       24.0       11.0       13.0       40.0       164.0      254.0      10.0
C63        c          85.0       33.0       26.0       10.0       16.0       25.0       106.0      191.0      10.0
C65        c          21.0       81.0       29.0       8.0        21.0       20.0       199.0      239.0      10.0
C68        c          14.0       46.0       29.0       9.0        20.0       30.0       134.0      273.0      10.0
C90        c          29.0       34.0       22.0       19.0       3.0        40.0       197.0      300.0      10.0

L Large vehicle loading capacity /800.0/
C Electric vehicle loading capacity /100.0/
Q Electric vehicle battery capacity /79.7/
r Fuel consumption rate /1.0/
g Inverse refueling rate /0.4/
v Average velocity /1.0/
