StringID   Type       x          y          demand     DeliveryDemand  PickupDemand  DivisionRate ReadyTime  DueDate    ServiceTime
D0         d          50.0       150.0      0.0        0.0        0.0        0.0        0.0        9999.0     0.0
S1         s          50.0       25.0       0.0        0.0        0.0        0.0        0.0        9999.0     0.0
S6         s          50.0       75.0       0.0        0.0        0.0        0.0        0.0        9999.0     0.0
F_sS1      f          50.0       25.0       0.0        0.0        0.0        0.0        0.0        9999.0     0.0
F_sS6      f          50.0       75.0       0.0        0.0        0.0        0.0        0.0        9999.0     0.0
F13        f          52.0       11.0       0.0        0.0        0.0        0.0        0.0        9999.0     0.0
F16        f          32.0       46.0       0.0        0.0        0.0        0.0        0.0        9999.0     0.0
F15        f          68.0       47.0       0.0        0.0        0.0        0.0        0.0        9999.0     0.0
F0         f          37.0       11.0       0.0        0.0        0.0        0.0        0.0        9999.0     0.0
C16        c          47.0       45.0       17.0       16.0       1.0        40.0       251.0      292.0      10.0
C18        c          54.0       48.0       19.0       17.0       2.0        30.0       149.0      206.0      10.0
C40        c          46.0       9.0        15.0       3.0        12.0       35.0       183.0      307.0      10.0
C53        c          54.0       56.0       12.0       12.0       0.0        35.0       142.0      290.0      10.0
C54        c          69.0       13.0       9.0        2.0        7.0        35.0       150.0      187.0      10.0
C57        c          54.0       75.0       20.0       14.0       6.0        25.0       179.0      212.0      10.0
C58        c          55.0       47.0       9.0        8.0        1.0        25.0       112.0      223.0      10.0
C60        c          61.0       88.0       3.0        2.0        1.0        50.0       221.0      224.0      10.0
C61        c          53.0       50.0       7.0        7.0        0.0        20.0       151.0      152.0      10.0
C83        c          53.0       49.0       11.0       10.0       1.0        25.0       157.0      224.0      10.0
C84        c          40.0       56.0       9.0        6.0        3.0        35.0       216.0      269.0      10.0
C85        c          87.0       29.0       9.0        3.0        6.0        45.0       184.0      315.0      10.0
C89        c          97.0       32.0       30.0       10.0       20.0       25.0       102.0      272.0      10.0
C97        c          40.0       9.0        21.0       5.0        16.0       45.0       145.0      171.0      10.0
C98        c          39.0       33.0       36.0       30.0       6.0        35.0       204.0      251.0      10.0

L Large vehicle loading capacity /800.0/
C Electric vehicle loading capacity /100.0/
Q Electric vehicle battery capacity /79.7/
r Fuel consumption rate /1.0/
g Inverse refueling rate /0.4/
v Average velocity /1.0/
