StringID   Type       x          y          demand     DeliveryDemand  PickupDemand  DivisionRate ReadyTime  DueDate    ServiceTime
D0         d          50.0       150.0      0.0        0.0        0.0        0.0        0.0        9999.0     0.0
S1         s          50.0       25.0       0.0        0.0        0.0        0.0        0.0        9999.0     0.0
S6         s          50.0       75.0       0.0        0.0        0.0        0.0        0.0        9999.0     0.0
F_sS1      f          50.0       25.0       0.0        0.0        0.0        0.0        0.0        9999.0     0.0
F_sS6      f          50.0       75.0       0.0        0.0        0.0        0.0        0.0        9999.0     0.0
F20        f          0.0        60.0       0.0        0.0        0.0        0.0        0.0        9999.0     0.0
F8         f          61.0       15.0       0.0        0.0        0.0        0.0        0.0        9999.0     0.0
F18        f          66.0       82.0       0.0        0.0        0.0        0.0        0.0        9999.0     0.0
F5         f          82.0       73.0       0.0        0.0        0.0        0.0        0.0        9999.0     0.0
C3         c          33.0       31.0       32.0       30.0       2.0        50.0       261.0      290.0      10.0
C6         c          31.0       42.0       30.0       22.0       8.0        30.0       169.0      221.0      10.0
C14        c          84.0       28.0       17.0       6.0        11.0       50.0       156.0      194.0      10.0
C15        c          37.0       34.0       28.0       26.0       2.0        35.0       161.0      195.0      10.0
C20        c          64.0       43.0       18.0       12.0       6.0        25.0       178.0      250.0      10.0
C28        c          28.0       57.0       16.0       8.0        8.0        35.0       245.0      307.0      10.0
C35        c          63.0       31.0       14.0       7.0        7.0        40.0       278.0      286.0      10.0
C36        c          24.0       88.0       35.0       10.0       25.0       25.0       205.0      265.0      10.0
C43        c          60.0       43.0       22.0       16.0       6.0        35.0       281.0      305.0      10.0
C55        c          12.0       74.0       17.0       3.0        14.0       40.0       102.0      205.0      10.0
C63        c          10.0       41.0       18.0       4.0        14.0       45.0       160.0      276.0      10.0
C64        c          43.0       31.0       8.0        6.0        2.0        45.0       203.0      218.0      10.0
C71        c          47.0       11.0       4.0        1.0        3.0        45.0       108.0      185.0      10.0
C82        c          21.0       77.0       22.0       6.0        16.0       45.0       115.0      191.0      10.0
C85        c          14.0       47.0       10.0       3.0        7.0        30.0       191.0      264.0      10.0

L Large vehicle loading capacity /800.0/
C Electric vehicle loading capacity /100.0/
Q Electric vehicle battery capacity /79.7/
r Fuel consumption rate /1.0/
g Inverse refueling rate /0.4/
v Average velocity /1.0/
