StringID   Type       x          y          demand     DeliveryDemand  PickupDemand  DivisionRate ReadyTime  DueDate    ServiceTime
D0         d          50.0       150.0      0.0        0.0        0.0        0.0        0.0        9999.0     0.0
S1         s          50.0       25.0       0.0        0.0        0.0        0.0        0.0        9999.0     0.0
S6         s          50.0       75.0       0.0        0.0        0.0        0.0        0.0        9999.0     0.0
F_sS1      f          50.0       25.0       0.0        0.0        0.0        0.0        0.0        9999.0     0.0
F_sS6      f          50.0       75.0       0.0        0.0        0.0        0.0        0.0        9999.0     0.0
F15        f          50.0       66.0       0.0        0.0        0.0        0.0        0.0        9999.0     0.0
F9         f          73.0       68.0       0.0        0.0        0.0        0.0        0.0        9999.0     0.0
F16        f          65.0       23.0       0.0        0.0        0.0        0.0        0.0        9999.0     0.0
F12        f          10.0       49.0       0.0        0.0        0.0        0.0        0.0        9999.0     0.0
C4         c          28.0       53.0       27.0       14.0       13.0       40.0       175.0      176.0      10.0
C16        c          33.0       28.0       19.0       16.0       3.0        40.0       234.0      299.0      10.0
C30        c          59.0       32.0       10.0       5.0        5.0        40.0       169.0      217.0      10.0
C34        c          0.0        31.0       23.0       0.0        23.0       40.0       150.0      187.0      10.0
C43        c          16.0       40.0       14.0       6.0        8.0        20.0       129.0      231.0      10.0
C45        c          59.0       62.0       17.0       16.0       1.0        20.0       135.0      241.0      10.0
C53        c          44.0       58.0       6.0        5.0        1.0        50.0       121.0      289.0      10.0
C58        c          13.0       17.0       10.0       8.0        2.0        40.0       209.0      235.0      10.0
C68        c          14.0       40.0       15.0       5.0        10.0       40.0       139.0      271.0      10.0
C70        c          61.0       84.0       6.0        4.0        2.0        45.0       132.0      178.0      10.0
C80        c          60.0       21.0       10.0       4.0        6.0        40.0       123.0      298.0      10.0
C85        c          94.0       28.0       12.0       4.0        8.0        35.0       201.0      265.0      10.0
C87        c          20.0       80.0       18.0       4.0        14.0       35.0       227.0      263.0      10.0
C95        c          29.0       33.0       18.0       16.0       2.0        30.0       121.0      185.0      10.0
C99        c          26.0       26.0       7.0        7.0        0.0        20.0       154.0      228.0      10.0

L Large vehicle loading capacity /800.0/
C Electric vehicle loading capacity /100.0/
Q Electric vehicle battery capacity /79.7/
r Fuel consumption rate /1.0/
g Inverse refueling rate /0.4/
v Average velocity /1.0/
