StringID   Type       x          y          demand     DeliveryDemand  PickupDemand  DivisionRate ReadyTime  DueDate    ServiceTime
D0         d          50.0       150.0      0.0        0.0        0.0        0.0        0.0        9999.0     0.0
S1         s          50.0       25.0       0.0        0.0        0.0        0.0        0.0        9999.0     0.0
S6         s          50.0       75.0       0.0        0.0        0.0        0.0        0.0        9999.0     0.0
F_sS1      f          50.0       25.0       0.0        0.0        0.0        0.0        0.0        9999.0     0.0
F_sS6      f          50.0       75.0       0.0        0.0        0.0        0.0        0.0        9999.0     0.0
F6         f          36.0       52.0       0.0        0.0        0.0        0.0        0.0        9999.0     0.0
F13        f          29.0       50.0       0.0        0.0        0.0        0.0        0.0        9999.0     0.0
F5         f          11.0       60.0       0.0        0.0        0.0        0.0        0.0        9999.0     0.0
F7         f          79.0       30.0       0.0        0.0        0.0        0.0        0.0        9999.0     0.0
C0         c          14.0       49.0       27.0       8.0        19.0       30.0       158.0      192.0      10.0
C4         c          61.0       84.0       18.0       13.0       5.0        25.0       281.0      307.0      10.0
C5         c          30.0       58.0       33.0       17.0       16.0       40.0       165.0      166.0      10.0
C16        c          9.0        51.0       19.0       3.0        16.0       35.0       211.0      246.0      10.0
C20        c          30.0       64.0       16.0       8.0        8.0        30.0       168.0      171.0      10.0
C21        c          66.0       47.0       13.0       9.0        4.0        45.0       197.0      267.0      10.0
C29        c          56.0       63.0       7.0        6.0        1.0        45.0       166.0      200.0      10.0
C32        c          26.0       88.0       12.0       4.0        8.0        40.0       120.0      287.0      10.0
C55        c          63.0       81.0       23.0       18.0       5.0        30.0       283.0      309.0      10.0
C60        c          65.0       76.0       40.0       34.0       6.0        45.0       213.0      251.0      10.0
C66        c          39.0       12.0       13.0       4.0        9.0        40.0       160.0      163.0      10.0
C69        c          0.0        50.0       6.0        0.0        6.0        20.0       135.0      214.0      10.0
C71        c          51.0       41.0       2.0        2.0        0.0        50.0       240.0      291.0      10.0
C82        c          16.0       46.0       29.0       10.0       19.0       20.0       159.0      175.0      10.0
C93        c          89.0       33.0       10.0       4.0        6.0        40.0       187.0      212.0      10.0

L Large vehicle loading capacity /800.0/
C Electric vehicle loading capacity /100.0/
Q Electric vehicle battery capacity /79.7/
r Fuel consumption rate /1.0/
g Inverse refueling rate /0.4/
v Average velocity /1.0/
