StringID   Type       x          y          demand     DeliveryDemand  PickupDemand  DivisionRate ReadyTime  DueDate    ServiceTime
D0         d          50.0       150.0      0.0        0.0        0.0        0.0        0.0        9999.0     0.0
S1         s          50.0       25.0       0.0        0.0        0.0        0.0        0.0        9999.0     0.0
S6         s          50.0       75.0       0.0        0.0        0.0        0.0        0.0        9999.0     0.0
F_sS1      f          50.0       25.0       0.0        0.0        0.0        0.0        0.0        9999.0     0.0
F_sS6      f          50.0       75.0       0.0        0.0        0.0        0.0        0.0        9999.0     0.0
F20        f          60.0       60.0       0.0        0.0        0.0        0.0        0.0        9999.0     0.0
F12        f          52.0       32.0       0.0        0.0        0.0        0.0        0.0        9999.0     0.0
F7         f          89.0       48.0       0.0        0.0        0.0        0.0        0.0        9999.0     0.0
F15        f          7.0        61.0       0.0        0.0        0.0        0.0        0.0        9999.0     0.0
C1         c          60.0       80.0       17.0       13.0       4.0        35.0       197.0      201.0      10.0
C8         c          63.0       84.0       2.0        2.0        0.0        25.0       273.0      285.0      10.0
C15        c          57.0       34.0       5.0        3.0        2.0        20.0       168.0      266.0      10.0
C23        c          39.0       52.0       15.0       11.0       4.0        35.0       192.0      249.0      10.0
C25        c          57.0       82.0       12.0       8.0        4.0        30.0       144.0      242.0      10.0
C31        c          52.0       78.0       2.0        1.0        1.0        30.0       162.0      184.0      10.0
C32        c          39.0       14.0       15.0       5.0        10.0       40.0       149.0      304.0      10.0
C36        c          1.0        41.0       26.0       1.0        25.0       50.0       174.0      263.0      10.0
C48        c          65.0       20.0       33.0       10.0       23.0       45.0       117.0      258.0      10.0
C55        c          62.0       74.0       21.0       18.0       3.0        35.0       204.0      301.0      10.0
C72        c          88.0       30.0       10.0       3.0        7.0        40.0       111.0      263.0      10.0
C74        c          16.0       82.0       22.0       4.0        18.0       25.0       152.0      169.0      10.0
C89        c          48.0       19.0       20.0       8.0        12.0       25.0       125.0      305.0      10.0
C96        c          11.0       45.0       14.0       3.0        11.0       30.0       175.0      188.0      10.0
C99        c          41.0       60.0       14.0       10.0       4.0        35.0       290.0      300.0      10.0

L Large vehicle loading capacity /800.0/
C Electric vehicle loading capacity /100.0/
Q Electric vehicle battery capacity /79.7/
r Fuel consumption rate /1.0/
g Inverse refueling rate /0.4/
v Average velocity /1.0/
