StringID   Type       x          y          demand     DeliveryDemand  PickupDemand  DivisionRate ReadyTime  DueDate    ServiceTime
D0         d          50.0       150.0      0.0        0.0        0.0        0.0        0.0        9999.0     0.0
S1         s          50.0       25.0       0.0        0.0        0.0        0.0        0.0        9999.0     0.0
S6         s          50.0       75.0       0.0        0.0        0.0        0.0        0.0        9999.0     0.0
F_sS1      f          50.0       25.0       0.0        0.0        0.0        0.0        0.0        9999.0     0.0
F_sS6      f          50.0       75.0       0.0        0.0        0.0        0.0        0.0        9999.0     0.0
F7         f          40.0       62.0       0.0        0.0        0.0        0.0        0.0        9999.0     0.0
F15        f          0.0        57.0       0.0        0.0        0.0        0.0        0.0        9999.0     0.0
F3         f          78.0       64.0       0.0        0.0        0.0        0.0        0.0        9999.0     0.0
F0         f          66.0       11.0       0.0        0.0        0.0        0.0        0.0        9999.0     0.0
C0         c          96.0       32.0       18.0       6.0        12.0       45.0       263.0      272.0      10.0
C11        c          63.0       20.0       23.0       7.0        16.0       45.0       192.0      218.0      10.0
C12        c          89.0       37.0       20.0       8.0        12.0       35.0       223.0      266.0      10.0
C21        c          65.0       92.0       16.0       11.0       5.0        30.0       184.0      212.0      10.0
C28        c          62.0       91.0       39.0       27.0       12.0       45.0       222.0      273.0      10.0
C36        c          37.0       40.0       18.0       17.0       1.0        30.0       152.0      169.0      10.0
C44        c          43.0       7.0        5.0        1.0        4.0        50.0       204.0      242.0      10.0
C48        c          28.0       1.0        20.0       1.0        19.0       30.0       225.0      245.0      10.0
C50        c          56.0       34.0       28.0       17.0       11.0       30.0       181.0      236.0      10.0
C59        c          67.0       42.0       24.0       15.0       9.0        40.0       205.0      277.0      10.0
C68        c          14.0       75.0       5.0        1.0        4.0        40.0       118.0      288.0      10.0
C80        c          1.0        39.0       18.0       0.0        18.0       40.0       276.0      320.0      10.0
C82        c          94.0       38.0       17.0       7.0        10.0       30.0       149.0      248.0      10.0
C87        c          59.0       25.0       21.0       9.0        12.0       40.0       233.0      269.0      10.0
C92        c          49.0       42.0       24.0       21.0       3.0        45.0       187.0      250.0      10.0

L Large vehicle loading capacity /800.0/
C Electric vehicle loading capacity /100.0/
Q Electric vehicle battery capacity /79.7/
r Fuel consumption rate /1.0/
g Inverse refueling rate /0.4/
v Average velocity /1.0/
