StringID   Type       x          y          demand     DeliveryDemand  PickupDemand  DivisionRate ReadyTime  DueDate    ServiceTime
D0         d          50.0       150.0      0.0        0.0        0.0        0.0        0.0        9999.0     0.0
S1         s          50.0       25.0       0.0        0.0        0.0        0.0        0.0        9999.0     0.0
S6         s          50.0       75.0       0.0        0.0        0.0        0.0        0.0        9999.0     0.0
F_sS1      f          50.0       25.0       0.0        0.0        0.0        0.0        0.0        9999.0     0.0
F_sS6      f          50.0       75.0       0.0        0.0        0.0        0.0        0.0        9999.0     0.0
F18        f          72.0       11.0       0.0        0.0        0.0        0.0        0.0        9999.0     0.0
F9         f          62.0       20.0       0.0        0.0        0.0        0.0        0.0        9999.0     0.0
F4         f          52.0       89.0       0.0        0.0        0.0        0.0        0.0        9999.0     0.0
F20        f          0.0        52.0       0.0        0.0        0.0        0.0        0.0        9999.0     0.0
C3         c          20.0       77.0       34.0       9.0        25.0       35.0       290.0      305.0      10.0
C9         c          15.0       33.0       5.0        2.0        3.0        35.0       118.0      136.0      10.0
C10        c          36.0       9.0        18.0       4.0        14.0       40.0       240.0      263.0      10.0
C33        c          32.0       34.0       11.0       10.0       1.0        25.0       166.0      185.0      10.0
C47        c          33.0       0.0        18.0       0.0        18.0       40.0       146.0      305.0      10.0
C55        c          19.0       38.0       4.0        2.0        2.0        35.0       215.0      222.0      10.0
C56        c          18.0       77.0       13.0       3.0        10.0       35.0       150.0      218.0      10.0
C58        c          30.0       58.0       14.0       7.0        7.0        25.0       138.0      246.0      10.0
C59        c          16.0       82.0       17.0       3.0        14.0       40.0       116.0      155.0      10.0
C63        c          36.0       36.0       17.0       17.0       0.0        40.0       237.0      278.0      10.0
C65        c          30.0       69.0       32.0       14.0       18.0       40.0       248.0      288.0      10.0
C70        c          44.0       10.0       2.0        0.0        2.0        45.0       103.0      230.0      10.0
C81        c          6.0        45.0       24.0       3.0        21.0       35.0       158.0      218.0      10.0
C87        c          4.0        43.0       18.0       2.0        16.0       30.0       213.0      256.0      10.0
C89        c          36.0       36.0       33.0       33.0       0.0        45.0       150.0      259.0      10.0

L Large vehicle loading capacity /800.0/
C Electric vehicle loading capacity /100.0/
Q Electric vehicle battery capacity /79.7/
r Fuel consumption rate /1.0/
g Inverse refueling rate /0.4/
v Average velocity /1.0/
