StringID   Type       x          y          demand     DeliveryDemand  PickupDemand  DivisionRate ReadyTime  DueDate    ServiceTime
D0         d          50.0       150.0      0.0        0.0        0.0        0.0        0.0        9999.0     0.0
S1         s          50.0       25.0       0.0        0.0        0.0        0.0        0.0        9999.0     0.0
S6         s          50.0       75.0       0.0        0.0        0.0        0.0        0.0        9999.0     0.0
F_sS1      f          50.0       25.0       0.0        0.0        0.0        0.0        0.0        9999.0     0.0
F_sS6      f          50.0       75.0       0.0        0.0        0.0        0.0        0.0        9999.0     0.0
F7         f          11.0       49.0       0.0        0.0        0.0        0.0        0.0        9999.0     0.0
F8         f          20.0       75.0       0.0        0.0        0.0        0.0        0.0        9999.0     0.0
F6         f          63.0       11.0       0.0        0.0        0.0        0.0        0.0        9999.0     0.0
F13        f          51.0       11.0       0.0        0.0        0.0        0.0        0.0        9999.0     0.0
C6         c          69.0       8.0        21.0       2.0        19.0       25.0       143.0      262.0      10.0
C11        c          3.0        57.0       16.0       1.0        15.0       25.0       198.0      285.0      10.0
C13        c          56.0       83.0       26.0       18.0       8.0        25.0       137.0      273.0      10.0
C25        c          48.0       42.0       29.0       25.0       4.0        50.0       203.0      235.0      10.0
C30        c          32.0       60.0       17.0       9.0        8.0        40.0       188.0      244.0      10.0
C34        c          46.0       14.0       9.0        3.0        6.0        25.0       231.0      269.0      10.0
C36        c          21.0       84.0       21.0       5.0        16.0       35.0       130.0      158.0      10.0
C49        c          25.0       84.0       31.0       9.0        22.0       25.0       180.0      180.0      10.0
C54        c          34.0       39.0       20.0       17.0       3.0        30.0       173.0      267.0      10.0
C60        c          45.0       51.0       15.0       13.0       2.0        40.0       225.0      262.0      10.0
C72        c          13.0       81.0       13.0       2.0        11.0       40.0       231.0      234.0      10.0
C73        c          52.0       47.0       9.0        8.0        1.0        40.0       183.0      189.0      10.0
C75        c          48.0       34.0       10.0       7.0        3.0        30.0       168.0      280.0      10.0
C95        c          20.0       33.0       23.0       14.0       9.0        35.0       149.0      242.0      10.0
C96        c          59.0       91.0       22.0       14.0       8.0        40.0       231.0      249.0      10.0

L Large vehicle loading capacity /800.0/
C Electric vehicle loading capacity /100.0/
Q Electric vehicle battery capacity /79.7/
r Fuel consumption rate /1.0/
g Inverse refueling rate /0.4/
v Average velocity /1.0/
