StringID   Type       x          y          demand     DeliveryDemand  PickupDemand  DivisionRate ReadyTime  DueDate    ServiceTime
D0         d          50.0       150.0      0.0        0.0        0.0        0.0        0.0        9999.0     0.0
S1         s          50.0       25.0       0.0        0.0        0.0        0.0        0.0        9999.0     0.0
S6         s          50.0       75.0       0.0        0.0        0.0        0.0        0.0        9999.0     0.0
F_sS1      f          50.0       25.0       0.0        0.0        0.0        0.0        0.0        9999.0     0.0
F_sS6      f          50.0       75.0       0.0        0.0        0.0        0.0        0.0        9999.0     0.0
F2         f          33.0       51.0       0.0        0.0        0.0        0.0        0.0        9999.0     0.0
F4         f          33.0       88.0       0.0        0.0        0.0        0.0        0.0        9999.0     0.0
F13        f          83.0       44.0       0.0        0.0        0.0        0.0        0.0        9999.0     0.0
F5         f          14.0       86.0       0.0        0.0        0.0        0.0        0.0        9999.0     0.0
C0         c          42.0       53.0       19.0       15.0       4.0        40.0       191.0      262.0      10.0
C1         c          0.0        46.0       39.0       0.0        39.0       35.0       210.0      245.0      10.0
C5         c          23.0       86.0       26.0       7.0        19.0       25.0       152.0      192.0      10.0
C9         c          41.0       8.0        23.0       4.0        19.0       30.0       216.0      277.0      10.0
C16        c          12.0       56.0       11.0       2.0        9.0        20.0       272.0      283.0      10.0
C18        c          86.0       27.0       17.0       5.0        12.0       20.0       141.0      310.0      10.0
C29        c          41.0       10.0       18.0       4.0        14.0       30.0       117.0      303.0      10.0
C45        c          9.0        51.0       25.0       4.0        21.0       30.0       165.0      266.0      10.0
C47        c          18.0       78.0       26.0       6.0        20.0       30.0       142.0      198.0      10.0
C57        c          33.0       8.0        9.0        2.0        7.0        30.0       282.0      286.0      10.0
C60        c          17.0       86.0       8.0        2.0        6.0        40.0       270.0      270.0      10.0
C66        c          42.0       2.0        28.0       1.0        27.0       50.0       107.0      250.0      10.0
C68        c          17.0       88.0       21.0       4.0        17.0       25.0       117.0      200.0      10.0
C86        c          49.0       29.0       11.0       7.0        4.0        40.0       143.0      146.0      10.0
C96        c          24.0       35.0       8.0        5.0        3.0        30.0       137.0      321.0      10.0

L Large vehicle loading capacity /800.0/
C Electric vehicle loading capacity /100.0/
Q Electric vehicle battery capacity /79.7/
r Fuel consumption rate /1.0/
g Inverse refueling rate /0.4/
v Average velocity /1.0/
