StringID   Type       x          y          demand     DeliveryDemand  PickupDemand  DivisionRate ReadyTime  DueDate    ServiceTime
D0         d          50.0       150.0      0.0        0.0        0.0        0.0        0.0        9999.0     0.0
S1         s          50.0       25.0       0.0        0.0        0.0        0.0        0.0        9999.0     0.0
S6         s          50.0       75.0       0.0        0.0        0.0        0.0        0.0        9999.0     0.0
F_sS1      f          50.0       25.0       0.0        0.0        0.0        0.0        0.0        9999.0     0.0
F_sS6      f          50.0       75.0       0.0        0.0        0.0        0.0        0.0        9999.0     0.0
F9         f          90.0       11.0       0.0        0.0        0.0        0.0        0.0        9999.0     0.0
F0         f          10.0       33.0       0.0        0.0        0.0        0.0        0.0        9999.0     0.0
F11        f          15.0       96.0       0.0        0.0        0.0        0.0        0.0        9999.0     0.0
F13        f          42.0       74.0       0.0        0.0        0.0        0.0        0.0        9999.0     0.0
C0         c          37.0       36.0       8.0        8.0        0.0        20.0       130.0      309.0      10.0
C13        c          2.0        34.0       11.0       1.0        10.0       25.0       181.0      276.0      10.0
C14        c          58.0       85.0       9.0        6.0        3.0        50.0       124.0      318.0      10.0
C15        c          0.0        38.0       25.0       0.0        25.0       45.0       157.0      234.0      10.0
C16        c          60.0       52.0       11.0       10.0       1.0        30.0       225.0      323.0      10.0
C20        c          29.0       51.0       30.0       17.0       13.0       50.0       161.0      246.0      10.0
C22        c          66.0       13.0       14.0       3.0        11.0       35.0       228.0      244.0      10.0
C23        c          8.0        37.0       14.0       3.0        11.0       40.0       269.0      269.0      10.0
C28        c          43.0       0.0        16.0       0.0        16.0       25.0       224.0      270.0      10.0
C36        c          0.0        36.0       28.0       0.0        28.0       50.0       109.0      213.0      10.0
C56        c          52.0       32.0       4.0        2.0        2.0        25.0       113.0      169.0      10.0
C60        c          46.0       37.0       18.0       14.0       4.0        50.0       140.0      216.0      10.0
C70        c          30.0       60.0       9.0        4.0        5.0        30.0       164.0      258.0      10.0
C80        c          51.0       48.0       26.0       24.0       2.0        45.0       151.0      235.0      10.0
C91        c          18.0       77.0       27.0       6.0        21.0       20.0       157.0      173.0      10.0

L Large vehicle loading capacity /800.0/
C Electric vehicle loading capacity /100.0/
Q Electric vehicle battery capacity /79.7/
r Fuel consumption rate /1.0/
g Inverse refueling rate /0.4/
v Average velocity /1.0/
