StringID   Type       x          y          demand     DeliveryDemand  PickupDemand  DivisionRate ReadyTime  DueDate    ServiceTime
D0         d          50.0       150.0      0.0        0.0        0.0        0.0        0.0        9999.0     0.0
S1         s          50.0       25.0       0.0        0.0        0.0        0.0        0.0        9999.0     0.0
S6         s          50.0       75.0       0.0        0.0        0.0        0.0        0.0        9999.0     0.0
F_sS1      f          50.0       25.0       0.0        0.0        0.0        0.0        0.0        9999.0     0.0
F_sS6      f          50.0       75.0       0.0        0.0        0.0        0.0        0.0        9999.0     0.0
F8         f          90.0       50.0       0.0        0.0        0.0        0.0        0.0        9999.0     0.0
F1         f          41.0       78.0       0.0        0.0        0.0        0.0        0.0        9999.0     0.0
F11        f          4.0        69.0       0.0        0.0        0.0        0.0        0.0        9999.0     0.0
F18        f          46.0       11.0       0.0        0.0        0.0        0.0        0.0        9999.0     0.0
C6         c          0.0        48.0       16.0       0.0        16.0       40.0       132.0      201.0      10.0
C9         c          40.0       54.0       11.0       8.0        3.0        40.0       265.0      268.0      10.0
C16        c          87.0       29.0       24.0       8.0        16.0       40.0       168.0      279.0      10.0
C18        c          7.0        49.0       2.0        0.0        2.0        45.0       270.0      302.0      10.0
C25        c          4.0        61.0       19.0       1.0        18.0       35.0       122.0      299.0      10.0
C27        c          68.0       10.0       27.0       4.0        23.0       30.0       154.0      256.0      10.0
C31        c          32.0       23.0       20.0       14.0       6.0        40.0       134.0      222.0      10.0
C34        c          13.0       10.0       39.0       30.0       9.0        40.0       170.0      276.0      10.0
C36        c          65.0       12.0       5.0        1.0        4.0        45.0       151.0      208.0      10.0
C42        c          39.0       2.0        20.0       1.0        19.0       35.0       101.0      252.0      10.0
C59        c          8.0        55.0       33.0       5.0        28.0       50.0       104.0      263.0      10.0
C80        c          0.0        41.0       25.0       0.0        25.0       20.0       215.0      284.0      10.0
C85        c          57.0       20.0       19.0       7.0        12.0       35.0       212.0      251.0      10.0
C86        c          30.0       35.0       4.0        3.0        1.0        45.0       135.0      216.0      10.0
C98        c          62.0       28.0       23.0       10.0       13.0       20.0       121.0      227.0      10.0

L Large vehicle loading capacity /800.0/
C Electric vehicle loading capacity /100.0/
Q Electric vehicle battery capacity /79.7/
r Fuel consumption rate /1.0/
g Inverse refueling rate /0.4/
v Average velocity /1.0/
