StringID   Type       x          y          demand     DeliveryDemand  PickupDemand  DivisionRate ReadyTime  DueDate    ServiceTime
D0         d          50.0       150.0      0.0        0.0        0.0        0.0        0.0        9999.0     0.0
S1         s          50.0       25.0       0.0        0.0        0.0        0.0        0.0        9999.0     0.0
S6         s          50.0       75.0       0.0        0.0        0.0        0.0        0.0        9999.0     0.0
F_sS1      f          50.0       25.0       0.0        0.0        0.0        0.0        0.0        9999.0     0.0
F_sS6      f          50.0       75.0       0.0        0.0        0.0        0.0        0.0        9999.0     0.0
F4         f          44.0       31.0       0.0        0.0        0.0        0.0        0.0        9999.0     0.0
F15        f          25.0       15.0       0.0        0.0        0.0        0.0        0.0        9999.0     0.0
F17        f          50.0       24.0       0.0        0.0        0.0        0.0        0.0        9999.0     0.0
F7         f          25.0       67.0       0.0        0.0        0.0        0.0        0.0        9999.0     0.0
C5         c          42.0       37.0       6.0        5.0        1.0        25.0       230.0      315.0      10.0
C7         c          27.0       65.0       30.0       12.0       18.0       30.0       140.0      283.0      10.0
C11        c          43.0       56.0       25.0       19.0       6.0        35.0       118.0      319.0      10.0
C15        c          14.0       16.0       21.0       18.0       3.0        25.0       203.0      206.0      10.0
C20        c          2.0        43.0       20.0       1.0        19.0       45.0       236.0      286.0      10.0
C24        c          67.0       13.0       20.0       4.0        16.0       40.0       158.0      286.0      10.0
C29        c          26.0       59.0       6.0        3.0        3.0        40.0       151.0      235.0      10.0
C41        c          84.0       35.0       24.0       10.0       14.0       45.0       250.0      275.0      10.0
C59        c          88.0       27.0       16.0       5.0        11.0       25.0       193.0      217.0      10.0
C70        c          7.0        38.0       10.0       2.0        8.0        35.0       205.0      245.0      10.0
C83        c          54.0       49.0       25.0       23.0       2.0        50.0       197.0      281.0      10.0
C84        c          84.0       30.0       23.0       8.0        15.0       40.0       250.0      281.0      10.0
C88        c          62.0       43.0       19.0       13.0       6.0        30.0       146.0      301.0      10.0
C89        c          56.0       22.0       10.0       4.0        6.0        35.0       204.0      209.0      10.0
C93        c          24.0       85.0       13.0       4.0        9.0        20.0       154.0      267.0      10.0

L Large vehicle loading capacity /800.0/
C Electric vehicle loading capacity /100.0/
Q Electric vehicle battery capacity /79.7/
r Fuel consumption rate /1.0/
g Inverse refueling rate /0.4/
v Average velocity /1.0/
