StringID   Type       x          y          demand     DeliveryDemand  PickupDemand  DivisionRate ReadyTime  DueDate    ServiceTime
D0         d          50.0       150.0      0.0        0.0             0.0           0            0.0        9999.0     0.0         
S0         s          50.0       75.0       0.0        0.0             0.0           0            0.0        9999.0     0.0         
S1         s          50.0       25.0       0.0        0.0             0.0           0            0.0        9999.0     0.0         
F0         f          50.0       75.0       0.0        0.0             0.0           0            0.0        9999.0     0.0         
F1         f          50.0       25.0       0.0        0.0             0.0           0            0.0        9999.0     0.0         
F2         f          21.0       83.0       0.0        0.0             0.0           0            0.0        9999.0     0.0         
F3         f          22.0       34.0       0.0        0.0             0.0           0            0.0        9999.0     0.0         
F4         f          48.0       8.0        0.0        0.0             0.0           0            0.0        9999.0     0.0         
F5         f          57.0       82.0       0.0        0.0             0.0           0            0.0        9999.0     0.0         
C0         c          56.0       37.0       6.0        4.0             2.0           40           630.0      750.0      10.0        
C1         c          8.0        40.0       40.0       8.0             32.0          50           502.0      622.0      10.0        
C2         c          72.0       35.0       30.0       15.0            15.0          20           837.0      957.0      10.0        
C3         c          37.0       47.0       6.0        5.0             1.0           20           181.0      301.0      10.0        
C4         c          44.0       5.0        20.0       2.0             18.0          35           101.0      1005.0     10.0        
C5         c          63.0       65.0       8.0        8.0             0.0           35           432.0      552.0      10.0        
C6         c          20.0       82.0       10.0       2.0             8.0           25           747.0      867.0      10.0        
C7         c          55.0       85.0       20.0       13.0            7.0           25           203.0      323.0      10.0        
C8         c          25.0       85.0       20.0       6.0             14.0          25           401.0      521.0      10.0        
C9         c          2.0        45.0       10.0       0.0             10.0          40           101.0      1012.0     10.0        
C10        c          65.0       82.0       10.0       8.0             2.0           45           381.0      501.0      10.0        
C11        c          30.0       25.0       23.0       19.0            4.0           25           327.0      447.0      10.0        
C12        c          45.0       30.0       17.0       11.0            6.0           35           729.0      849.0      10.0        
C13        c          25.0       30.0       3.0        3.0             0.0           40           654.0      774.0      10.0        
C14        c          18.0       80.0       10.0       2.0             8.0           45           893.0      1013.0     10.0        

L Large vehicle loading capacity /2000.0/
C Electric vehicle loading capacity /250.0/
Q Electric vehicle battery capacity /77.75/
r Fuel consumption rate /1.0/
g Inverse refueling rate /0.39/
v Average velocity /1.0/
