StringID   Type       x          y          demand     DeliveryDemand  PickupDemand  DivisionRate ReadyTime  DueDate    ServiceTime
D0         d          50.0       150.0      0.0        0.0             0.0           0            0.0        9999.0     0.0         
S0         s          50.0       75.0       0.0        0.0             0.0           0            0.0        9999.0     0.0         
S1         s          50.0       25.0       0.0        0.0             0.0           0            0.0        9999.0     0.0         
F0         f          50.0       75.0       0.0        0.0             0.0           0            0.0        9999.0     0.0         
F1         f          50.0       25.0       0.0        0.0             0.0           0            0.0        9999.0     0.0         
F2         f          14.0       59.0       0.0        0.0             0.0           0            0.0        9999.0     0.0         
F3         f          10.0       28.0       0.0        0.0             0.0           0            0.0        9999.0     0.0         
F4         f          22.0       34.0       0.0        0.0             0.0           0            0.0        9999.0     0.0         
F5         f          27.0       10.0       0.0        0.0             0.0           0            0.0        9999.0     0.0         
F6         f          61.0       14.0       0.0        0.0             0.0           0            0.0        9999.0     0.0         
F7         f          21.0       83.0       0.0        0.0             0.0           0            0.0        9999.0     0.0         
C0         c          6.0        68.0       30.0       3.0             27.0          20           140.0      260.0      10.0        
C1         c          10.0       40.0       30.0       8.0             22.0          25           101.0      1019.0     10.0        
C2         c          45.0       65.0       9.0        6.0             3.0           40           719.0      839.0      10.0        
C3         c          22.0       75.0       30.0       9.0             21.0          50           101.0      1020.0     10.0        
C4         c          26.0       52.0       9.0        5.0             4.0           50           101.0      1036.0     10.0        
C5         c          42.0       12.0       10.0       3.0             7.0           30           101.0      1012.0     10.0        
C6         c          25.0       85.0       20.0       6.0             14.0          40           401.0      521.0      10.0        
C7         c          65.0       20.0       6.0        2.0             4.0           50           101.0      1011.0     10.0        
C8         c          20.0       20.0       8.0        8.0             0.0           35           101.0      1014.0     10.0        
C9         c          5.0        5.0        16.0       16.0            0.0           50           101.0      980.0      10.0        
C10        c          40.0       15.0       40.0       15.0            25.0          20           101.0      1016.0     10.0        
C11        c          42.0       15.0       10.0       4.0             6.0           30           309.0      429.0      10.0        
C12        c          60.0       12.0       31.0       6.0             25.0          30           101.0      1008.0     10.0        
C13        c          42.0       5.0        10.0       1.0             9.0           25           101.0      1005.0     10.0        
C14        c          21.0       24.0       28.0       25.0            3.0           20           101.0      1018.0     10.0        

L Large vehicle loading capacity /2000.0/
C Electric vehicle loading capacity /250.0/
Q Electric vehicle battery capacity /77.75/
r Fuel consumption rate /1.0/
g Inverse refueling rate /0.39/
v Average velocity /1.0/
