StringID   Type       x          y          demand     DeliveryDemand  PickupDemand  DivisionRate ReadyTime  DueDate    ServiceTime
D0         d          50.0       150.0      0.0        0.0        0.0        0.0        0.0        9999.0     0.0
S1         s          50.0       25.0       0.0        0.0        0.0        0.0        0.0        9999.0     0.0
S6         s          50.0       75.0       0.0        0.0        0.0        0.0        0.0        9999.0     0.0
F_sS1      f          50.0       25.0       0.0        0.0        0.0        0.0        0.0        9999.0     0.0
F_sS6      f          50.0       75.0       0.0        0.0        0.0        0.0        0.0        9999.0     0.0
F20        f          54.0       58.0       0.0        0.0        0.0        0.0        0.0        9999.0     0.0
F7         f          45.0       95.0       0.0        0.0        0.0        0.0        0.0        9999.0     0.0
F15        f          88.0       66.0       0.0        0.0        0.0        0.0        0.0        9999.0     0.0
F4         f          6.0        71.0       0.0        0.0        0.0        0.0        0.0        9999.0     0.0
C1         c          56.0       54.0       5.0        5.0        0.0        45.0       499.0      864.0      10.0
C14        c          88.0       29.0       12.0       4.0        8.0        30.0       632.0      1039.0     10.0
C26        c          0.0        50.0       13.0       0.0        13.0       35.0       210.0      538.0      10.0
C35        c          61.0       81.0       14.0       11.0       3.0        25.0       776.0      851.0      10.0
C40        c          16.0       77.0       12.0       2.0        10.0       35.0       302.0      899.0      10.0
C41        c          46.0       57.0       8.0        6.0        2.0        25.0       264.0      880.0      10.0
C44        c          7.0        42.0       15.0       2.0        13.0       40.0       237.0      871.0      10.0
C48        c          64.0       81.0       2.0        2.0        0.0        40.0       846.0      1029.0     10.0
C65        c          61.0       81.0       19.0       14.0       5.0        50.0       381.0      421.0      10.0
C67        c          3.0        52.0       10.0       1.0        9.0        45.0       463.0      625.0      10.0
C68        c          30.0       5.0        13.0       2.0        11.0       45.0       549.0      820.0      10.0
C73        c          34.0       39.0       35.0       31.0       4.0        45.0       378.0      455.0      10.0
C74        c          12.0       75.0       10.0       2.0        8.0        35.0       234.0      602.0      10.0
C76        c          58.0       24.0       20.0       8.0        12.0       45.0       630.0      664.0      10.0
C79        c          13.0       17.0       24.0       18.0       6.0        30.0       347.0      630.0      10.0

L Large vehicle loading capacity /2000.0/
C Electric vehicle loading capacity /250.0/
Q Electric vehicle battery capacity /194.6/
r Fuel consumption rate /1.0/
g Inverse refueling rate /0.1/
v Average velocity /1.0/
