StringID   Type       x          y          demand     DeliveryDemand  PickupDemand  DivisionRate ReadyTime  DueDate    ServiceTime
D0         d          50.0       150.0      0.0        0.0        0.0        0.0        0.0        9999.0     0.0
S1         s          50.0       25.0       0.0        0.0        0.0        0.0        0.0        9999.0     0.0
S6         s          50.0       75.0       0.0        0.0        0.0        0.0        0.0        9999.0     0.0
F_sS1      f          50.0       25.0       0.0        0.0        0.0        0.0        0.0        9999.0     0.0
F_sS6      f          50.0       75.0       0.0        0.0        0.0        0.0        0.0        9999.0     0.0
F3         f          54.0       37.0       0.0        0.0        0.0        0.0        0.0        9999.0     0.0
F7         f          0.0        13.0       0.0        0.0        0.0        0.0        0.0        9999.0     0.0
F5         f          56.0       11.0       0.0        0.0        0.0        0.0        0.0        9999.0     0.0
F12        f          0.0        71.0       0.0        0.0        0.0        0.0        0.0        9999.0     0.0
C0         c          38.0       8.0        40.0       8.0        32.0       40.0       775.0      833.0      10.0
C19        c          53.0       29.0       14.0       8.0        6.0        20.0       369.0      901.0      10.0
C34        c          45.0       42.0       3.0        3.0        0.0        30.0       369.0      547.0      10.0
C35        c          10.0       3.0        14.0       4.0        10.0       35.0       248.0      564.0      10.0
C41        c          37.0       46.0       13.0       10.0       3.0        35.0       247.0      844.0      10.0
C44        c          10.0       6.0        9.0        5.0        4.0        35.0       404.0      1013.0     10.0
C53        c          28.0       25.0       14.0       12.0       2.0        20.0       450.0      799.0      10.0
C54        c          61.0       82.0       35.0       26.0       9.0        40.0       138.0      636.0      10.0
C63        c          56.0       13.0       4.0        1.0        3.0        40.0       113.0      868.0      10.0
C65        c          13.0       77.0       16.0       3.0        13.0       25.0       472.0      977.0      10.0
C80        c          36.0       6.0        32.0       5.0        27.0       45.0       261.0      981.0      10.0
C82        c          42.0       33.0       19.0       15.0       4.0        25.0       695.0      947.0      10.0
C90        c          59.0       83.0       29.0       21.0       8.0        35.0       273.0      740.0      10.0
C95        c          49.0       35.0       11.0       8.0        3.0        20.0       138.0      935.0      10.0
C96        c          89.0       30.0       11.0       4.0        7.0        40.0       141.0      901.0      10.0

L Large vehicle loading capacity /2000.0/
C Electric vehicle loading capacity /250.0/
Q Electric vehicle battery capacity /194.6/
r Fuel consumption rate /1.0/
g Inverse refueling rate /0.1/
v Average velocity /1.0/
