StringID   Type       x          y          demand     DeliveryDemand  PickupDemand  DivisionRate ReadyTime  DueDate    ServiceTime
D0         d          50.0       150.0      0.0        0.0        0.0        0.0        0.0        9999.0     0.0
S1         s          50.0       25.0       0.0        0.0        0.0        0.0        0.0        9999.0     0.0
S6         s          50.0       75.0       0.0        0.0        0.0        0.0        0.0        9999.0     0.0
F_sS1      f          50.0       25.0       0.0        0.0        0.0        0.0        0.0        9999.0     0.0
F_sS6      f          50.0       75.0       0.0        0.0        0.0        0.0        0.0        9999.0     0.0
F16        f          46.0       45.0       0.0        0.0        0.0        0.0        0.0        9999.0     0.0
F8         f          40.0       11.0       0.0        0.0        0.0        0.0        0.0        9999.0     0.0
F1         f          78.0       63.0       0.0        0.0        0.0        0.0        0.0        9999.0     0.0
F5         f          28.0       23.0       0.0        0.0        0.0        0.0        0.0        9999.0     0.0
C2         c          61.0       76.0       12.0       10.0       2.0        35.0       404.0      575.0      10.0
C13        c          59.0       77.0       2.0        2.0        0.0        25.0       180.0      385.0      10.0
C14        c          8.0        44.0       5.0        1.0        4.0        25.0       834.0      910.0      10.0
C19        c          7.0        33.0       29.0       6.0        23.0       30.0       186.0      260.0      10.0
C30        c          54.0       37.0       18.0       12.0       6.0        35.0       270.0      623.0      10.0
C32        c          34.0       7.0        4.0        1.0        3.0        30.0       501.0      985.0      10.0
C34        c          50.0       42.0       30.0       25.0       5.0        25.0       349.0      467.0      10.0
C58        c          2.0        17.0       6.0        1.0        5.0        20.0       360.0      878.0      10.0
C62        c          2.0        46.0       2.0        0.0        2.0        35.0       125.0      1032.0     10.0
C66        c          40.0       11.0       14.0       4.0        10.0       35.0       318.0      862.0      10.0
C78        c          13.0       52.0       9.0        2.0        7.0        40.0       255.0      926.0      10.0
C79        c          49.0       50.0       30.0       29.0       1.0        30.0       273.0      337.0      10.0
C80        c          62.0       52.0       19.0       16.0       3.0        35.0       406.0      736.0      10.0
C90        c          53.0       78.0       19.0       13.0       6.0        45.0       311.0      391.0      10.0
C96        c          85.0       30.0       2.0        1.0        1.0        40.0       534.0      636.0      10.0

L Large vehicle loading capacity /2000.0/
C Electric vehicle loading capacity /250.0/
Q Electric vehicle battery capacity /194.6/
r Fuel consumption rate /1.0/
g Inverse refueling rate /0.1/
v Average velocity /1.0/
