StringID   Type       x          y          demand     DeliveryDemand  PickupDemand  DivisionRate ReadyTime  DueDate    ServiceTime
D0         d          50.0       150.0      0.0        0.0        0.0        0.0        0.0        9999.0     0.0
S1         s          50.0       25.0       0.0        0.0        0.0        0.0        0.0        9999.0     0.0
S6         s          50.0       75.0       0.0        0.0        0.0        0.0        0.0        9999.0     0.0
F_sS1      f          50.0       25.0       0.0        0.0        0.0        0.0        0.0        9999.0     0.0
F_sS6      f          50.0       75.0       0.0        0.0        0.0        0.0        0.0        9999.0     0.0
F18        f          42.0       22.0       0.0        0.0        0.0        0.0        0.0        9999.0     0.0
F13        f          58.0       22.0       0.0        0.0        0.0        0.0        0.0        9999.0     0.0
F5         f          44.0       40.0       0.0        0.0        0.0        0.0        0.0        9999.0     0.0
F11        f          67.0       31.0       0.0        0.0        0.0        0.0        0.0        9999.0     0.0
C6         c          57.0       92.0       22.0       14.0       8.0        30.0       146.0      982.0      10.0
C7         c          63.0       27.0       12.0       5.0        7.0        35.0       178.0      783.0      10.0
C13        c          44.0       32.0       17.0       12.0       5.0        40.0       895.0      927.0      10.0
C23        c          52.0       34.0       16.0       10.0       6.0        35.0       412.0      466.0      10.0
C32        c          14.0       54.0       26.0       7.0        19.0       50.0       475.0      964.0      10.0
C43        c          36.0       13.0       16.0       6.0        10.0       45.0       556.0      764.0      10.0
C49        c          5.0        49.0       34.0       3.0        31.0       30.0       257.0      585.0      10.0
C55        c          44.0       42.0       11.0       10.0       1.0        40.0       624.0      852.0      10.0
C61        c          38.0       9.0        36.0       9.0        27.0       40.0       273.0      347.0      10.0
C63        c          16.0       49.0       13.0       4.0        9.0        30.0       376.0      869.0      10.0
C71        c          93.0       40.0       14.0       6.0        8.0        30.0       351.0      778.0      10.0
C72        c          35.0       56.0       11.0       7.0        4.0        30.0       770.0      928.0      10.0
C78        c          9.0        15.0       8.0        5.0        3.0        30.0       620.0      680.0      10.0
C90        c          41.0       16.0       2.0        1.0        1.0        50.0       209.0      846.0      10.0
C99        c          58.0       72.0       29.0       23.0       6.0        25.0       543.0      672.0      10.0

L Large vehicle loading capacity /2000.0/
C Electric vehicle loading capacity /250.0/
Q Electric vehicle battery capacity /194.6/
r Fuel consumption rate /1.0/
g Inverse refueling rate /0.1/
v Average velocity /1.0/
