StringID   Type       x          y          demand     DeliveryDemand  PickupDemand  DivisionRate ReadyTime  DueDate    ServiceTime
D0         d          50.0       150.0      0.0        0.0        0.0        0.0        0.0        9999.0     0.0
S1         s          50.0       25.0       0.0        0.0        0.0        0.0        0.0        9999.0     0.0
S6         s          50.0       75.0       0.0        0.0        0.0        0.0        0.0        9999.0     0.0
F_sS1      f          50.0       25.0       0.0        0.0        0.0        0.0        0.0        9999.0     0.0
F_sS6      f          50.0       75.0       0.0        0.0        0.0        0.0        0.0        9999.0     0.0
F2         f          34.0       76.0       0.0        0.0        0.0        0.0        0.0        9999.0     0.0
F7         f          63.0       64.0       0.0        0.0        0.0        0.0        0.0        9999.0     0.0
F4         f          7.0        77.0       0.0        0.0        0.0        0.0        0.0        9999.0     0.0
F17        f          32.0       31.0       0.0        0.0        0.0        0.0        0.0        9999.0     0.0
C6         c          50.0       38.0       33.0       25.0       8.0        40.0       402.0      562.0      10.0
C16        c          49.0       50.0       7.0        7.0        0.0        30.0       590.0      932.0      10.0
C19        c          29.0       39.0       26.0       19.0       7.0        30.0       277.0      750.0      10.0
C20        c          53.0       24.0       16.0       7.0        9.0        35.0       528.0      877.0      10.0
C33        c          9.0        43.0       16.0       3.0        13.0       30.0       461.0      559.0      10.0
C39        c          14.0       70.0       24.0       5.0        19.0       30.0       296.0      827.0      10.0
C45        c          22.0       81.0       8.0        2.0        6.0        20.0       157.0      769.0      10.0
C51        c          61.0       25.0       24.0       10.0       14.0       30.0       194.0      505.0      10.0
C54        c          36.0       8.0        2.0        0.0        2.0        30.0       220.0      1024.0     10.0
C61        c          17.0       21.0       23.0       19.0       4.0        25.0       131.0      310.0      10.0
C66        c          90.0       27.0       21.0       6.0        15.0       20.0       540.0      580.0      10.0
C78        c          11.0       82.0       17.0       2.0        15.0       25.0       488.0      967.0      10.0
C81        c          18.0       73.0       30.0       7.0        23.0       35.0       189.0      411.0      10.0
C82        c          39.0       52.0       19.0       14.0       5.0        35.0       591.0      601.0      10.0
C83        c          25.0       42.0       22.0       13.0       9.0        40.0       509.0      567.0      10.0

L Large vehicle loading capacity /2000.0/
C Electric vehicle loading capacity /250.0/
Q Electric vehicle battery capacity /194.6/
r Fuel consumption rate /1.0/
g Inverse refueling rate /0.1/
v Average velocity /1.0/
