StringID   Type       x          y          demand     DeliveryDemand  PickupDemand  DivisionRate ReadyTime  DueDate    ServiceTime
D0         d          50.0       150.0      0.0        0.0        0.0        0.0        0.0        9999.0     0.0
S1         s          50.0       25.0       0.0        0.0        0.0        0.0        0.0        9999.0     0.0
S6         s          50.0       75.0       0.0        0.0        0.0        0.0        0.0        9999.0     0.0
F_sS1      f          50.0       25.0       0.0        0.0        0.0        0.0        0.0        9999.0     0.0
F_sS6      f          50.0       75.0       0.0        0.0        0.0        0.0        0.0        9999.0     0.0
F18        f          64.0       11.0       0.0        0.0        0.0        0.0        0.0        9999.0     0.0
F17        f          0.0        28.0       0.0        0.0        0.0        0.0        0.0        9999.0     0.0
F11        f          64.0       65.0       0.0        0.0        0.0        0.0        0.0        9999.0     0.0
F12        f          59.0       57.0       0.0        0.0        0.0        0.0        0.0        9999.0     0.0
C4         c          70.0       80.0       7.0        6.0        1.0        40.0       545.0      793.0      10.0
C5         c          54.0       82.0       15.0       10.0       5.0        40.0       429.0      653.0      10.0
C8         c          13.0       71.0       19.0       3.0        16.0       20.0       278.0      508.0      10.0
C9         c          19.0       81.0       23.0       5.0        18.0       20.0       343.0      386.0      10.0
C12        c          56.0       73.0       19.0       15.0       4.0        30.0       461.0      745.0      10.0
C19        c          13.0       46.0       21.0       6.0        15.0       50.0       790.0      815.0      10.0
C20        c          45.0       6.0        27.0       4.0        23.0       40.0       142.0      520.0      10.0
C28        c          89.0       28.0       14.0       4.0        10.0       20.0       203.0      434.0      10.0
C36        c          33.0       22.0       13.0       9.0        4.0        35.0       493.0      889.0      10.0
C41        c          37.0       62.0       6.0        4.0        2.0        25.0       105.0      305.0      10.0
C50        c          55.0       26.0       13.0       6.0        7.0        40.0       655.0      970.0      10.0
C52        c          51.0       44.0       22.0       19.0       3.0        45.0       452.0      638.0      10.0
C56        c          6.0        51.0       16.0       2.0        14.0       20.0       234.0      754.0      10.0
C88        c          42.0       5.0        6.0        1.0        5.0        50.0       399.0      913.0      10.0
C95        c          26.0       87.0       30.0       9.0        21.0       40.0       352.0      590.0      10.0

L Large vehicle loading capacity /2000.0/
C Electric vehicle loading capacity /250.0/
Q Electric vehicle battery capacity /194.6/
r Fuel consumption rate /1.0/
g Inverse refueling rate /0.1/
v Average velocity /1.0/
