StringID   Type       x          y          demand     DeliveryDemand  PickupDemand  DivisionRate ReadyTime  DueDate    ServiceTime
D0         d          50.0       150.0      0.0        0.0        0.0        0.0        0.0        9999.0     0.0
S1         s          50.0       25.0       0.0        0.0        0.0        0.0        0.0        9999.0     0.0
S6         s          50.0       75.0       0.0        0.0        0.0        0.0        0.0        9999.0     0.0
F_sS1      f          50.0       25.0       0.0        0.0        0.0        0.0        0.0        9999.0     0.0
F_sS6      f          50.0       75.0       0.0        0.0        0.0        0.0        0.0        9999.0     0.0
F19        f          52.0       20.0       0.0        0.0        0.0        0.0        0.0        9999.0     0.0
F8         f          19.0       41.0       0.0        0.0        0.0        0.0        0.0        9999.0     0.0
F12        f          57.0       31.0       0.0        0.0        0.0        0.0        0.0        9999.0     0.0
F2         f          24.0       47.0       0.0        0.0        0.0        0.0        0.0        9999.0     0.0
C2         c          60.0       84.0       15.0       11.0       4.0        40.0       616.0      685.0      10.0
C4         c          40.0       0.0        24.0       0.0        24.0       25.0       249.0      389.0      10.0
C7         c          6.0        47.0       11.0       1.0        10.0       30.0       840.0      994.0      10.0
C9         c          31.0       26.0       20.0       17.0       3.0        35.0       521.0      551.0      10.0
C13        c          33.0       31.0       16.0       15.0       1.0        35.0       617.0      860.0      10.0
C14        c          85.0       29.0       13.0       4.0        9.0        40.0       829.0      1018.0     10.0
C21        c          17.0       37.0       2.0        1.0        1.0        45.0       643.0      693.0      10.0
C24        c          39.0       71.0       10.0       5.0        5.0        50.0       496.0      790.0      10.0
C45        c          65.0       11.0       10.0       2.0        8.0        30.0       392.0      730.0      10.0
C50        c          92.0       36.0       4.0        2.0        2.0        30.0       248.0      825.0      10.0
C68        c          65.0       31.0       18.0       9.0        9.0        35.0       622.0      732.0      10.0
C70        c          56.0       73.0       11.0       8.0        3.0        25.0       520.0      935.0      10.0
C72        c          6.0        41.0       2.0        0.0        2.0        35.0       316.0      594.0      10.0
C85        c          13.0       11.0       28.0       24.0       4.0        25.0       337.0      1019.0     10.0
C96        c          83.0       29.0       16.0       6.0        10.0       40.0       284.0      560.0      10.0

L Large vehicle loading capacity /2000.0/
C Electric vehicle loading capacity /250.0/
Q Electric vehicle battery capacity /194.6/
r Fuel consumption rate /1.0/
g Inverse refueling rate /0.1/
v Average velocity /1.0/
