StringID   Type       x          y          demand     DeliveryDemand  PickupDemand  DivisionRate ReadyTime  DueDate    ServiceTime
D0         d          50.0       150.0      0.0        0.0        0.0        0.0        0.0        9999.0     0.0
S1         s          50.0       25.0       0.0        0.0        0.0        0.0        0.0        9999.0     0.0
S6         s          50.0       75.0       0.0        0.0        0.0        0.0        0.0        9999.0     0.0
F_sS1      f          50.0       25.0       0.0        0.0        0.0        0.0        0.0        9999.0     0.0
F_sS6      f          50.0       75.0       0.0        0.0        0.0        0.0        0.0        9999.0     0.0
F11        f          29.0       30.0       0.0        0.0        0.0        0.0        0.0        9999.0     0.0
F1         f          63.0       54.0       0.0        0.0        0.0        0.0        0.0        9999.0     0.0
F7         f          24.0       62.0       0.0        0.0        0.0        0.0        0.0        9999.0     0.0
F3         f          39.0       43.0       0.0        0.0        0.0        0.0        0.0        9999.0     0.0
C5         c          62.0       52.0       8.0        7.0        1.0        40.0       113.0      340.0      10.0
C8         c          44.0       4.0        20.0       2.0        18.0       50.0       162.0      661.0      10.0
C30        c          62.0       77.0       18.0       14.0       4.0        30.0       489.0      518.0      10.0
C31        c          20.0       82.0       23.0       6.0        17.0       30.0       444.0      817.0      10.0
C33        c          57.0       54.0       23.0       22.0       1.0        40.0       363.0      429.0      10.0
C35        c          34.0       6.0        6.0        1.0        5.0        20.0       418.0      866.0      10.0
C36        c          64.0       12.0       15.0       3.0        12.0       35.0       476.0      659.0      10.0
C49        c          90.0       32.0       16.0       6.0        10.0       40.0       240.0      677.0      10.0
C63        c          58.0       21.0       15.0       5.0        10.0       25.0       238.0      321.0      10.0
C67        c          12.0       15.0       9.0        7.0        2.0        30.0       630.0      702.0      10.0
C72        c          62.0       79.0       23.0       18.0       5.0        50.0       326.0      760.0      10.0
C73        c          29.0       2.0        14.0       1.0        13.0       25.0       282.0      411.0      10.0
C74        c          58.0       70.0       24.0       20.0       4.0        50.0       333.0      630.0      10.0
C80        c          53.0       31.0       14.0       8.0        6.0        20.0       106.0      774.0      10.0
C83        c          8.0        16.0       8.0        4.0        4.0        45.0       667.0      721.0      10.0

L Large vehicle loading capacity /2000.0/
C Electric vehicle loading capacity /250.0/
Q Electric vehicle battery capacity /194.6/
r Fuel consumption rate /1.0/
g Inverse refueling rate /0.1/
v Average velocity /1.0/
