StringID   Type       x          y          demand     DeliveryDemand  PickupDemand  DivisionRate ReadyTime  DueDate    ServiceTime
D0         d          50.0       150.0      0.0        0.0        0.0        0.0        0.0        9999.0     0.0
S1         s          50.0       25.0       0.0        0.0        0.0        0.0        0.0        9999.0     0.0
S6         s          50.0       75.0       0.0        0.0        0.0        0.0        0.0        9999.0     0.0
F_sS1      f          50.0       25.0       0.0        0.0        0.0        0.0        0.0        9999.0     0.0
F_sS6      f          50.0       75.0       0.0        0.0        0.0        0.0        0.0        9999.0     0.0
F12        f          26.0       87.0       0.0        0.0        0.0        0.0        0.0        9999.0     0.0
F11        f          71.0       11.0       0.0        0.0        0.0        0.0        0.0        9999.0     0.0
F14        f          7.0        34.0       0.0        0.0        0.0        0.0        0.0        9999.0     0.0
F16        f          54.0       11.0       0.0        0.0        0.0        0.0        0.0        9999.0     0.0
C1         c          91.0       36.0       9.0        4.0        5.0        30.0       353.0      474.0      10.0
C15        c          32.0       10.0       16.0       5.0        11.0       35.0       451.0      504.0      10.0
C19        c          29.0       0.0        25.0       0.0        25.0       30.0       402.0      998.0      10.0
C35        c          38.0       49.0       12.0       9.0        3.0        35.0       600.0      807.0      10.0
C39        c          38.0       7.0        37.0       7.0        30.0       50.0       900.0      921.0      10.0
C44        c          36.0       68.0       23.0       12.0       11.0       20.0       298.0      395.0      10.0
C61        c          0.0        42.0       40.0       0.0        40.0       40.0       180.0      251.0      10.0
C77        c          94.0       28.0       17.0       5.0        12.0       25.0       398.0      830.0      10.0
C78        c          42.0       8.0        17.0       3.0        14.0       25.0       455.0      792.0      10.0
C85        c          87.0       29.0       18.0       6.0        12.0       30.0       446.0      477.0      10.0
C88        c          39.0       54.0       29.0       21.0       8.0        20.0       596.0      849.0      10.0
C92        c          51.0       47.0       19.0       18.0       1.0        25.0       121.0      964.0      10.0
C95        c          60.0       81.0       2.0        1.0        1.0        35.0       509.0      890.0      10.0
C98        c          40.0       28.0       6.0        4.0        2.0        40.0       191.0      406.0      10.0
C99        c          7.0        51.0       20.0       3.0        17.0       25.0       932.0      989.0      10.0

L Large vehicle loading capacity /2000.0/
C Electric vehicle loading capacity /250.0/
Q Electric vehicle battery capacity /194.6/
r Fuel consumption rate /1.0/
g Inverse refueling rate /0.1/
v Average velocity /1.0/
