StringID   Type       x          y          demand     DeliveryDemand  PickupDemand  DivisionRate ReadyTime  DueDate    ServiceTime
D0         d          50.0       150.0      0.0        0.0        0.0        0.0        0.0        9999.0     0.0
S1         s          50.0       25.0       0.0        0.0        0.0        0.0        0.0        9999.0     0.0
S6         s          50.0       75.0       0.0        0.0        0.0        0.0        0.0        9999.0     0.0
F_sS1      f          50.0       25.0       0.0        0.0        0.0        0.0        0.0        9999.0     0.0
F_sS6      f          50.0       75.0       0.0        0.0        0.0        0.0        0.0        9999.0     0.0
F15        f          57.0       96.0       0.0        0.0        0.0        0.0        0.0        9999.0     0.0
F0         f          64.0       34.0       0.0        0.0        0.0        0.0        0.0        9999.0     0.0
F8         f          36.0       72.0       0.0        0.0        0.0        0.0        0.0        9999.0     0.0
F4         f          49.0       79.0       0.0        0.0        0.0        0.0        0.0        9999.0     0.0
C12        c          51.0       23.0       16.0       7.0        9.0        20.0       519.0      889.0      10.0
C14        c          87.0       32.0       2.0        1.0        1.0        30.0       217.0      381.0      10.0
C15        c          11.0       19.0       25.0       14.0       11.0       35.0       645.0      839.0      10.0
C17        c          11.0       38.0       12.0       3.0        9.0        30.0       210.0      454.0      10.0
C28        c          95.0       29.0       37.0       11.0       26.0       30.0       555.0      711.0      10.0
C34        c          61.0       76.0       23.0       18.0       5.0        35.0       811.0      920.0      10.0
C42        c          9.0        54.0       19.0       3.0        16.0       20.0       839.0      1028.0     10.0
C43        c          15.0       74.0       11.0       2.0        9.0        25.0       246.0      667.0      10.0
C45        c          35.0       10.0       8.0        2.0        6.0        25.0       364.0      571.0      10.0
C61        c          11.0       40.0       15.0       4.0        11.0       30.0       265.0      818.0      10.0
C62        c          10.0       51.0       2.0        0.0        2.0        30.0       131.0      309.0      10.0
C67        c          38.0       5.0        30.0       4.0        26.0       35.0       446.0      809.0      10.0
C72        c          16.0       40.0       22.0       9.0        13.0       30.0       564.0      669.0      10.0
C74        c          32.0       59.0       25.0       14.0       11.0       30.0       530.0      783.0      10.0
C82        c          59.0       48.0       20.0       16.0       4.0        50.0       327.0      933.0      10.0

L Large vehicle loading capacity /2000.0/
C Electric vehicle loading capacity /250.0/
Q Electric vehicle battery capacity /194.6/
r Fuel consumption rate /1.0/
g Inverse refueling rate /0.1/
v Average velocity /1.0/
