StringID   Type       x          y          demand     DeliveryDemand  PickupDemand  DivisionRate ReadyTime  DueDate    ServiceTime
D0         d          50.0       150.0      0.0        0.0        0.0        0.0        0.0        9999.0     0.0
S1         s          50.0       25.0       0.0        0.0        0.0        0.0        0.0        9999.0     0.0
S6         s          50.0       75.0       0.0        0.0        0.0        0.0        0.0        9999.0     0.0
F_sS1      f          50.0       25.0       0.0        0.0        0.0        0.0        0.0        9999.0     0.0
F_sS6      f          50.0       75.0       0.0        0.0        0.0        0.0        0.0        9999.0     0.0
F20        f          19.0       39.0       0.0        0.0        0.0        0.0        0.0        9999.0     0.0
F10        f          21.0       39.0       0.0        0.0        0.0        0.0        0.0        9999.0     0.0
F5         f          29.0       61.0       0.0        0.0        0.0        0.0        0.0        9999.0     0.0
F16        f          31.0       31.0       0.0        0.0        0.0        0.0        0.0        9999.0     0.0
C5         c          17.0       80.0       6.0        1.0        5.0        25.0       271.0      376.0      10.0
C31        c          6.0        45.0       23.0       3.0        20.0       50.0       160.0      472.0      10.0
C32        c          39.0       24.0       31.0       19.0       12.0       30.0       365.0      568.0      10.0
C37        c          47.0       57.0       17.0       14.0       3.0        20.0       261.0      620.0      10.0
C41        c          41.0       61.0       2.0        1.0        1.0        35.0       368.0      481.0      10.0
C42        c          53.0       55.0       19.0       18.0       1.0        30.0       475.0      755.0      10.0
C44        c          1.0        13.0       20.0       2.0        18.0       35.0       820.0      899.0      10.0
C50        c          18.0       78.0       24.0       6.0        18.0       25.0       164.0      692.0      10.0
C53        c          8.0        51.0       27.0       4.0        23.0       45.0       136.0      314.0      10.0
C60        c          46.0       52.0       7.0        6.0        1.0        20.0       385.0      748.0      10.0
C61        c          56.0       51.0       25.0       23.0       2.0        35.0       759.0      881.0      10.0
C67        c          5.0        56.0       9.0        1.0        8.0        25.0       670.0      744.0      10.0
C71        c          11.0       25.0       18.0       8.0        10.0       45.0       544.0      1017.0     10.0
C73        c          62.0       79.0       18.0       14.0       4.0        35.0       329.0      934.0      10.0
C88        c          19.0       78.0       22.0       5.0        17.0       35.0       446.0      916.0      10.0

L Large vehicle loading capacity /2000.0/
C Electric vehicle loading capacity /250.0/
Q Electric vehicle battery capacity /194.6/
r Fuel consumption rate /1.0/
g Inverse refueling rate /0.1/
v Average velocity /1.0/
