StringID   Type       x          y          demand     DeliveryDemand  PickupDemand  DivisionRate ReadyTime  DueDate    ServiceTime
D0         d          50.0       150.0      0.0        0.0        0.0        0.0        0.0        9999.0     0.0
S1         s          50.0       25.0       0.0        0.0        0.0        0.0        0.0        9999.0     0.0
S6         s          50.0       75.0       0.0        0.0        0.0        0.0        0.0        9999.0     0.0
F_sS1      f          50.0       25.0       0.0        0.0        0.0        0.0        0.0        9999.0     0.0
F_sS6      f          50.0       75.0       0.0        0.0        0.0        0.0        0.0        9999.0     0.0
F10        f          15.0       11.0       0.0        0.0        0.0        0.0        0.0        9999.0     0.0
F14        f          48.0       34.0       0.0        0.0        0.0        0.0        0.0        9999.0     0.0
F1         f          44.0       96.0       0.0        0.0        0.0        0.0        0.0        9999.0     0.0
F19        f          34.0       48.0       0.0        0.0        0.0        0.0        0.0        9999.0     0.0
C0         c          38.0       51.0       13.0       10.0       3.0        50.0       143.0      338.0      10.0
C4         c          19.0       74.0       32.0       8.0        24.0       35.0       203.0      913.0      10.0
C6         c          41.0       12.0       16.0       5.0        11.0       35.0       352.0      573.0      10.0
C10        c          39.0       10.0       21.0       5.0        16.0       35.0       615.0      924.0      10.0
C11        c          49.0       52.0       13.0       12.0       1.0        35.0       272.0      939.0      10.0
C19        c          12.0       15.0       15.0       12.0       3.0        40.0       187.0      864.0      10.0
C21        c          89.0       32.0       23.0       8.0        15.0       25.0       119.0      588.0      10.0
C22        c          14.0       72.0       20.0       4.0        16.0       35.0       333.0      959.0      10.0
C24        c          89.0       27.0       2.0        1.0        1.0        35.0       105.0      816.0      10.0
C25        c          69.0       56.0       24.0       19.0       5.0        35.0       525.0      968.0      10.0
C39        c          18.0       75.0       12.0       3.0        9.0        35.0       188.0      369.0      10.0
C41        c          23.0       39.0       37.0       22.0       15.0       45.0       485.0      509.0      10.0
C80        c          13.0       55.0       11.0       3.0        8.0        50.0       927.0      940.0      10.0
C84        c          0.0        43.0       5.0        0.0        5.0        30.0       292.0      763.0      10.0
C88        c          65.0       85.0       29.0       22.0       7.0        25.0       602.0      908.0      10.0

L Large vehicle loading capacity /2000.0/
C Electric vehicle loading capacity /250.0/
Q Electric vehicle battery capacity /194.6/
r Fuel consumption rate /1.0/
g Inverse refueling rate /0.1/
v Average velocity /1.0/
