StringID   Type       x          y          demand     DeliveryDemand  PickupDemand  DivisionRate ReadyTime  DueDate    ServiceTime
D0         d          50.0       150.0      0.0        0.0        0.0        0.0        0.0        9999.0     0.0
S1         s          50.0       25.0       0.0        0.0        0.0        0.0        0.0        9999.0     0.0
S6         s          50.0       75.0       0.0        0.0        0.0        0.0        0.0        9999.0     0.0
F_sS1      f          50.0       25.0       0.0        0.0        0.0        0.0        0.0        9999.0     0.0
F_sS6      f          50.0       75.0       0.0        0.0        0.0        0.0        0.0        9999.0     0.0
F13        f          20.0       50.0       0.0        0.0        0.0        0.0        0.0        9999.0     0.0
F1         f          60.0       41.0       0.0        0.0        0.0        0.0        0.0        9999.0     0.0
F12        f          39.0       41.0       0.0        0.0        0.0        0.0        0.0        9999.0     0.0
F8         f          43.0       73.0       0.0        0.0        0.0        0.0        0.0        9999.0     0.0
C10        c          11.0       70.0       26.0       4.0        22.0       50.0       548.0      862.0      10.0
C29        c          16.0       52.0       18.0       6.0        12.0       30.0       507.0      809.0      10.0
C33        c          55.0       81.0       28.0       19.0       9.0        35.0       567.0      623.0      10.0
C36        c          22.0       81.0       32.0       9.0        23.0       40.0       756.0      997.0      10.0
C37        c          32.0       37.0       8.0        7.0        1.0        35.0       359.0      383.0      10.0
C50        c          91.0       33.0       26.0       9.0        17.0       45.0       413.0      738.0      10.0
C64        c          66.0       48.0       4.0        3.0        1.0        30.0       429.0      550.0      10.0
C69        c          54.0       81.0       12.0       8.0        4.0        30.0       223.0      467.0      10.0
C70        c          49.0       48.0       27.0       26.0       1.0        35.0       461.0      814.0      10.0
C73        c          28.0       88.0       31.0       10.0       21.0       35.0       176.0      659.0      10.0
C79        c          29.0       61.0       11.0       5.0        6.0        20.0       557.0      673.0      10.0
C81        c          32.0       49.0       18.0       12.0       6.0        45.0       376.0      866.0      10.0
C85        c          43.0       6.0        2.0        0.0        2.0        20.0       288.0      997.0      10.0
C98        c          49.0       41.0       9.0        8.0        1.0        35.0       169.0      382.0      10.0
C99        c          62.0       83.0       13.0       10.0       3.0        45.0       554.0      928.0      10.0

L Large vehicle loading capacity /2000.0/
C Electric vehicle loading capacity /250.0/
Q Electric vehicle battery capacity /194.6/
r Fuel consumption rate /1.0/
g Inverse refueling rate /0.1/
v Average velocity /1.0/
