StringID   Type       x          y          demand     DeliveryDemand  PickupDemand  DivisionRate ReadyTime  DueDate    ServiceTime
D0         d          50.0       150.0      0.0        0.0        0.0        0.0        0.0        9999.0     0.0
S1         s          50.0       25.0       0.0        0.0        0.0        0.0        0.0        9999.0     0.0
S6         s          50.0       75.0       0.0        0.0        0.0        0.0        0.0        9999.0     0.0
F_sS1      f          50.0       25.0       0.0        0.0        0.0        0.0        0.0        9999.0     0.0
F_sS6      f          50.0       75.0       0.0        0.0        0.0        0.0        0.0        9999.0     0.0
F5         f          62.0       61.0       0.0        0.0        0.0        0.0        0.0        9999.0     0.0
F11        f          48.0       43.0       0.0        0.0        0.0        0.0        0.0        9999.0     0.0
F8         f          47.0       39.0       0.0        0.0        0.0        0.0        0.0        9999.0     0.0
F9         f          41.0       66.0       0.0        0.0        0.0        0.0        0.0        9999.0     0.0
C9         c          16.0       80.0       15.0       3.0        12.0       40.0       321.0      726.0      10.0
C20        c          56.0       42.0       15.0       11.0       4.0        45.0       268.0      761.0      10.0
C45        c          62.0       53.0       18.0       15.0       3.0        35.0       577.0      601.0      10.0
C49        c          41.0       34.0       17.0       14.0       3.0        45.0       439.0      866.0      10.0
C56        c          38.0       6.0        14.0       2.0        12.0       35.0       127.0      401.0      10.0
C59        c          16.0       49.0       30.0       10.0       20.0       45.0       548.0      872.0      10.0
C66        c          34.0       65.0       6.0        3.0        3.0        25.0       311.0      521.0      10.0
C69        c          35.0       7.0        15.0       3.0        12.0       25.0       174.0      558.0      10.0
C73        c          92.0       34.0       21.0       8.0        13.0       25.0       540.0      582.0      10.0
C74        c          86.0       32.0       25.0       9.0        16.0       25.0       271.0      599.0      10.0
C79        c          39.0       0.0        2.0        0.0        2.0        45.0       746.0      1013.0     10.0
C85        c          21.0       87.0       26.0       6.0        20.0       30.0       673.0      932.0      10.0
C87        c          40.0       14.0       17.0       6.0        11.0       45.0       315.0      671.0      10.0
C88        c          55.0       80.0       6.0        4.0        2.0        45.0       334.0      633.0      10.0
C98        c          57.0       36.0       20.0       13.0       7.0        30.0       333.0      663.0      10.0

L Large vehicle loading capacity /2000.0/
C Electric vehicle loading capacity /250.0/
Q Electric vehicle battery capacity /194.6/
r Fuel consumption rate /1.0/
g Inverse refueling rate /0.1/
v Average velocity /1.0/
