StringID   Type       x          y          demand     DeliveryDemand  PickupDemand  DivisionRate ReadyTime  DueDate    ServiceTime
D0         d          50.0       150.0      0.0        0.0        0.0        0.0        0.0        9999.0     0.0
S1         s          50.0       25.0       0.0        0.0        0.0        0.0        0.0        9999.0     0.0
S6         s          50.0       75.0       0.0        0.0        0.0        0.0        0.0        9999.0     0.0
F_sS1      f          50.0       25.0       0.0        0.0        0.0        0.0        0.0        9999.0     0.0
F_sS6      f          50.0       75.0       0.0        0.0        0.0        0.0        0.0        9999.0     0.0
F16        f          0.0        11.0       0.0        0.0        0.0        0.0        0.0        9999.0     0.0
F17        f          36.0       62.0       0.0        0.0        0.0        0.0        0.0        9999.0     0.0
F18        f          7.0        42.0       0.0        0.0        0.0        0.0        0.0        9999.0     0.0
F6         f          57.0       11.0       0.0        0.0        0.0        0.0        0.0        9999.0     0.0
C1         c          1.0        36.0       22.0       1.0        21.0       35.0       486.0      726.0      10.0
C2         c          15.0       19.0       34.0       27.0       7.0        20.0       359.0      727.0      10.0
C22        c          46.0       18.0       23.0       9.0        14.0       35.0       128.0      710.0      10.0
C23        c          92.0       36.0       17.0       7.0        10.0       30.0       688.0      734.0      10.0
C30        c          66.0       14.0       10.0       2.0        8.0        35.0       477.0      978.0      10.0
C32        c          45.0       68.0       15.0       10.0       5.0        45.0       351.0      892.0      10.0
C38        c          37.0       9.0        16.0       4.0        12.0       30.0       307.0      562.0      10.0
C43        c          90.0       37.0       20.0       8.0        12.0       35.0       703.0      1035.0     10.0
C48        c          23.0       85.0       2.0        1.0        1.0        30.0       793.0      831.0      10.0
C62        c          11.0       17.0       6.0        4.0        2.0        40.0       533.0      702.0      10.0
C69        c          88.0       34.0       3.0        1.0        2.0        45.0       638.0      927.0      10.0
C79        c          63.0       78.0       10.0       8.0        2.0        20.0       382.0      664.0      10.0
C93        c          35.0       43.0       10.0       8.0        2.0        35.0       170.0      486.0      10.0
C95        c          1.0        53.0       2.0        0.0        2.0        25.0       306.0      357.0      10.0
C98        c          40.0       14.0       17.0       6.0        11.0       35.0       104.0      308.0      10.0

L Large vehicle loading capacity /2000.0/
C Electric vehicle loading capacity /250.0/
Q Electric vehicle battery capacity /194.6/
r Fuel consumption rate /1.0/
g Inverse refueling rate /0.1/
v Average velocity /1.0/
