StringID   Type       x          y          demand     DeliveryDemand  PickupDemand  DivisionRate ReadyTime  DueDate    ServiceTime
D0         d          50.0       150.0      0.0        0.0        0.0        0.0        0.0        9999.0     0.0
S1         s          50.0       25.0       0.0        0.0        0.0        0.0        0.0        9999.0     0.0
S6         s          50.0       75.0       0.0        0.0        0.0        0.0        0.0        9999.0     0.0
F_sS1      f          50.0       25.0       0.0        0.0        0.0        0.0        0.0        9999.0     0.0
F_sS6      f          50.0       75.0       0.0        0.0        0.0        0.0        0.0        9999.0     0.0
F13        f          19.0       25.0       0.0        0.0        0.0        0.0        0.0        9999.0     0.0
F20        f          40.0       92.0       0.0        0.0        0.0        0.0        0.0        9999.0     0.0
F9         f          71.0       11.0       0.0        0.0        0.0        0.0        0.0        9999.0     0.0
F17        f          30.0       59.0       0.0        0.0        0.0        0.0        0.0        9999.0     0.0
C2         c          16.0       27.0       23.0       14.0       9.0        40.0       115.0      595.0      10.0
C3         c          55.0       28.0       2.0        1.0        1.0        35.0       525.0      745.0      10.0
C18        c          1.0        46.0       29.0       1.0        28.0       40.0       379.0      778.0      10.0
C35        c          68.0       78.0       15.0       13.0       2.0        20.0       313.0      714.0      10.0
C46        c          42.0       13.0       17.0       5.0        12.0       25.0       240.0      344.0      10.0
C47        c          15.0       58.0       20.0       5.0        15.0       25.0       463.0      508.0      10.0
C65        c          85.0       34.0       16.0       6.0        10.0       50.0       141.0      367.0      10.0
C68        c          8.0        55.0       30.0       4.0        26.0       30.0       441.0      482.0      10.0
C72        c          59.0       86.0       26.0       18.0       8.0        35.0       637.0      773.0      10.0
C73        c          29.0       35.0       23.0       19.0       4.0        35.0       626.0      774.0      10.0
C84        c          41.0       10.0       22.0       5.0        17.0       30.0       127.0      746.0      10.0
C85        c          11.0       11.0       9.0        9.0        0.0        35.0       200.0      580.0      10.0
C89        c          30.0       31.0       31.0       30.0       1.0        35.0       172.0      808.0      10.0
C92        c          14.0       42.0       29.0       10.0       19.0       50.0       662.0      1003.0     10.0
C93        c          18.0       76.0       19.0       4.0        15.0       35.0       507.0      897.0      10.0

L Large vehicle loading capacity /2000.0/
C Electric vehicle loading capacity /250.0/
Q Electric vehicle battery capacity /194.6/
r Fuel consumption rate /1.0/
g Inverse refueling rate /0.1/
v Average velocity /1.0/
