StringID   Type       x          y          demand     DeliveryDemand  PickupDemand  DivisionRate ReadyTime  DueDate    ServiceTime
D0         d          50.0       150.0      0.0        0.0        0.0        0.0        0.0        9999.0     0.0
S1         s          50.0       25.0       0.0        0.0        0.0        0.0        0.0        9999.0     0.0
S6         s          50.0       75.0       0.0        0.0        0.0        0.0        0.0        9999.0     0.0
F_sS1      f          50.0       25.0       0.0        0.0        0.0        0.0        0.0        9999.0     0.0
F_sS6      f          50.0       75.0       0.0        0.0        0.0        0.0        0.0        9999.0     0.0
F6         f          71.0       37.0       0.0        0.0        0.0        0.0        0.0        9999.0     0.0
F7         f          73.0       96.0       0.0        0.0        0.0        0.0        0.0        9999.0     0.0
F15        f          30.0       75.0       0.0        0.0        0.0        0.0        0.0        9999.0     0.0
F11        f          0.0        51.0       0.0        0.0        0.0        0.0        0.0        9999.0     0.0
C11        c          26.0       89.0       32.0       9.0        23.0       30.0       625.0      715.0      10.0
C22        c          15.0       84.0       19.0       3.0        16.0       30.0       235.0      265.0      10.0
C26        c          69.0       22.0       6.0        2.0        4.0        25.0       312.0      660.0      10.0
C28        c          43.0       53.0       14.0       11.0       3.0        35.0       845.0      993.0      10.0
C29        c          73.0       43.0       25.0       15.0       10.0       35.0       735.0      802.0      10.0
C31        c          43.0       13.0       12.0       4.0        8.0        30.0       822.0      906.0      10.0
C33        c          56.0       50.0       25.0       22.0       3.0        30.0       646.0      891.0      10.0
C36        c          18.0       79.0       22.0       5.0        17.0       50.0       497.0      701.0      10.0
C68        c          66.0       72.0       7.0        6.0        1.0        40.0       381.0      497.0      10.0
C72        c          92.0       38.0       19.0       8.0        11.0       20.0       380.0      703.0      10.0
C86        c          58.0       88.0       30.0       20.0       10.0       35.0       677.0      913.0      10.0
C88        c          45.0       13.0       23.0       7.0        16.0       30.0       814.0      993.0      10.0
C89        c          40.0       10.0       4.0        1.0        3.0        30.0       319.0      347.0      10.0
C94        c          36.0       6.0        10.0       2.0        8.0        40.0       382.0      713.0      10.0
C98        c          37.0       11.0       16.0       5.0        11.0       50.0       210.0      424.0      10.0

L Large vehicle loading capacity /2000.0/
C Electric vehicle loading capacity /250.0/
Q Electric vehicle battery capacity /194.6/
r Fuel consumption rate /1.0/
g Inverse refueling rate /0.1/
v Average velocity /1.0/
