StringID   Type       x          y          demand     DeliveryDemand  PickupDemand  DivisionRate ReadyTime  DueDate    ServiceTime
D0         d          50.0       150.0      0.0        0.0        0.0        0.0        0.0        9999.0     0.0
S1         s          50.0       25.0       0.0        0.0        0.0        0.0        0.0        9999.0     0.0
S6         s          50.0       75.0       0.0        0.0        0.0        0.0        0.0        9999.0     0.0
F_sS1      f          50.0       25.0       0.0        0.0        0.0        0.0        0.0        9999.0     0.0
F_sS6      f          50.0       75.0       0.0        0.0        0.0        0.0        0.0        9999.0     0.0
F13        f          41.0       42.0       0.0        0.0        0.0        0.0        0.0        9999.0     0.0
F6         f          90.0       29.0       0.0        0.0        0.0        0.0        0.0        9999.0     0.0
F17        f          45.0       84.0       0.0        0.0        0.0        0.0        0.0        9999.0     0.0
F19        f          65.0       40.0       0.0        0.0        0.0        0.0        0.0        9999.0     0.0
C0         c          29.0       33.0       15.0       13.0       2.0        20.0       101.0      813.0      10.0
C2         c          93.0       32.0       15.0       5.0        10.0       50.0       235.0      557.0      10.0
C7         c          5.0        51.0       15.0       1.0        14.0       40.0       728.0      856.0      10.0
C24        c          53.0       46.0       25.0       22.0       3.0        30.0       651.0      725.0      10.0
C43        c          0.0        41.0       12.0       0.0        12.0       40.0       326.0      965.0      10.0
C45        c          62.0       44.0       24.0       17.0       7.0        40.0       324.0      776.0      10.0
C51        c          62.0       9.0        5.0        1.0        4.0        35.0       176.0      931.0      10.0
C63        c          16.0       56.0       14.0       4.0        10.0       45.0       839.0      854.0      10.0
C67        c          60.0       79.0       2.0        2.0        0.0        30.0       205.0      554.0      10.0
C73        c          43.0       9.0        32.0       7.0        25.0       50.0       410.0      876.0      10.0
C76        c          55.0       36.0       6.0        4.0        2.0        25.0       443.0      511.0      10.0
C85        c          89.0       26.0       14.0       4.0        10.0       25.0       709.0      827.0      10.0
C86        c          30.0       8.0        16.0       4.0        12.0       50.0       198.0      880.0      10.0
C91        c          18.0       14.0       29.0       23.0       6.0        50.0       502.0      724.0      10.0
C98        c          20.0       85.0       16.0       4.0        12.0       30.0       193.0      701.0      10.0

L Large vehicle loading capacity /2000.0/
C Electric vehicle loading capacity /250.0/
Q Electric vehicle battery capacity /194.6/
r Fuel consumption rate /1.0/
g Inverse refueling rate /0.1/
v Average velocity /1.0/
