StringID   Type       x          y          demand     DeliveryDemand  PickupDemand  DivisionRate ReadyTime  DueDate    ServiceTime
D0         d          50.0       150.0      0.0        0.0        0.0        0.0        0.0        9999.0     0.0
S1         s          50.0       25.0       0.0        0.0        0.0        0.0        0.0        9999.0     0.0
S6         s          50.0       75.0       0.0        0.0        0.0        0.0        0.0        9999.0     0.0
F_sS1      f          50.0       25.0       0.0        0.0        0.0        0.0        0.0        9999.0     0.0
F_sS6      f          50.0       75.0       0.0        0.0        0.0        0.0        0.0        9999.0     0.0
F7         f          3.0        62.0       0.0        0.0        0.0        0.0        0.0        9999.0     0.0
F1         f          90.0       11.0       0.0        0.0        0.0        0.0        0.0        9999.0     0.0
F16        f          31.0       78.0       0.0        0.0        0.0        0.0        0.0        9999.0     0.0
F0         f          18.0       47.0       0.0        0.0        0.0        0.0        0.0        9999.0     0.0
C0         c          60.0       77.0       36.0       28.0       8.0        35.0       591.0      1016.0     10.0
C2         c          26.0       9.0        19.0       7.0        12.0       45.0       371.0      510.0      10.0
C8         c          12.0       21.0       25.0       14.0       11.0       40.0       266.0      513.0      10.0
C16        c          56.0       34.0       21.0       13.0       8.0        30.0       135.0      846.0      10.0
C22        c          37.0       61.0       12.0       7.0        5.0        20.0       487.0      907.0      10.0
C25        c          39.0       47.0       29.0       24.0       5.0        30.0       334.0      354.0      10.0
C27        c          41.0       10.0       12.0       3.0        9.0        45.0       334.0      569.0      10.0
C32        c          10.0       72.0       29.0       4.0        25.0       35.0       566.0      775.0      10.0
C38        c          60.0       18.0       37.0       11.0       26.0       45.0       276.0      855.0      10.0
C53        c          2.0        44.0       24.0       1.0        23.0       25.0       524.0      541.0      10.0
C54        c          27.0       4.0        35.0       5.0        30.0       45.0       632.0      662.0      10.0
C57        c          64.0       51.0       20.0       16.0       4.0        20.0       276.0      701.0      10.0
C64        c          93.0       36.0       15.0       6.0        9.0        25.0       101.0      813.0      10.0
C71        c          2.0        65.0       9.0        0.0        9.0        40.0       249.0      455.0      10.0
C76        c          31.0       60.0       12.0       6.0        6.0        30.0       533.0      859.0      10.0

L Large vehicle loading capacity /2000.0/
C Electric vehicle loading capacity /250.0/
Q Electric vehicle battery capacity /194.6/
r Fuel consumption rate /1.0/
g Inverse refueling rate /0.1/
v Average velocity /1.0/
