StringID   Type       x          y          demand     DeliveryDemand  PickupDemand  DivisionRate ReadyTime  DueDate    ServiceTime
D0         d          50.0       150.0      0.0        0.0        0.0        0.0        0.0        9999.0     0.0
S1         s          50.0       25.0       0.0        0.0        0.0        0.0        0.0        9999.0     0.0
S6         s          50.0       75.0       0.0        0.0        0.0        0.0        0.0        9999.0     0.0
F_sS1      f          50.0       25.0       0.0        0.0        0.0        0.0        0.0        9999.0     0.0
F_sS6      f          50.0       75.0       0.0        0.0        0.0        0.0        0.0        9999.0     0.0
F19        f          50.0       65.0       0.0        0.0        0.0        0.0        0.0        9999.0     0.0
F12        f          69.0       41.0       0.0        0.0        0.0        0.0        0.0        9999.0     0.0
F10        f          90.0       11.0       0.0        0.0        0.0        0.0        0.0        9999.0     0.0
F2         f          25.0       11.0       0.0        0.0        0.0        0.0        0.0        9999.0     0.0
C7         c          47.0       57.0       18.0       15.0       3.0        35.0       459.0      708.0      10.0
C9         c          46.0       44.0       27.0       26.0       1.0        50.0       675.0      782.0      10.0
C14        c          58.0       85.0       11.0       8.0        3.0        35.0       407.0      1031.0     10.0
C22        c          24.0       85.0       21.0       6.0        15.0       20.0       270.0      889.0      10.0
C36        c          39.0       30.0       33.0       25.0       8.0        40.0       400.0      988.0      10.0
C39        c          24.0       84.0       22.0       6.0        16.0       30.0       208.0      763.0      10.0
C47        c          9.0        51.0       7.0        1.0        6.0        50.0       629.0      863.0      10.0
C56        c          60.0       74.0       29.0       24.0       5.0        35.0       301.0      648.0      10.0
C59        c          36.0       56.0       22.0       14.0       8.0        20.0       264.0      364.0      10.0
C72        c          44.0       10.0       33.0       8.0        25.0       30.0       295.0      446.0      10.0
C73        c          40.0       69.0       4.0        2.0        2.0        25.0       305.0      913.0      10.0
C79        c          12.0       20.0       11.0       7.0        4.0        30.0       433.0      672.0      10.0
C80        c          50.0       60.0       28.0       23.0       5.0        20.0       495.0      929.0      10.0
C86        c          59.0       74.0       31.0       25.0       6.0        45.0       403.0      808.0      10.0
C87        c          58.0       78.0       2.0        1.0        1.0        40.0       265.0      820.0      10.0

L Large vehicle loading capacity /2000.0/
C Electric vehicle loading capacity /250.0/
Q Electric vehicle battery capacity /194.6/
r Fuel consumption rate /1.0/
g Inverse refueling rate /0.1/
v Average velocity /1.0/
