StringID   Type       x          y          demand     DeliveryDemand  PickupDemand  DivisionRate ReadyTime  DueDate    ServiceTime
D0         d          50.0       150.0      0.0        0.0        0.0        0.0        0.0        9999.0     0.0
S1         s          50.0       25.0       0.0        0.0        0.0        0.0        0.0        9999.0     0.0
S6         s          50.0       75.0       0.0        0.0        0.0        0.0        0.0        9999.0     0.0
F_sS1      f          50.0       25.0       0.0        0.0        0.0        0.0        0.0        9999.0     0.0
F_sS6      f          50.0       75.0       0.0        0.0        0.0        0.0        0.0        9999.0     0.0
F0         f          35.0       58.0       0.0        0.0        0.0        0.0        0.0        9999.0     0.0
F10        f          60.0       84.0       0.0        0.0        0.0        0.0        0.0        9999.0     0.0
F20        f          27.0       60.0       0.0        0.0        0.0        0.0        0.0        9999.0     0.0
F15        f          26.0       61.0       0.0        0.0        0.0        0.0        0.0        9999.0     0.0
C5         c          45.0       67.0       12.0       8.0        4.0        35.0       265.0      434.0      10.0
C6         c          66.0       79.0       20.0       17.0       3.0        25.0       118.0      880.0      10.0
C8         c          10.0       23.0       14.0       6.0        8.0        45.0       222.0      407.0      10.0
C10        c          64.0       81.0       20.0       16.0       4.0        50.0       389.0      562.0      10.0
C24        c          54.0       45.0       34.0       28.0       6.0        20.0       458.0      584.0      10.0
C28        c          37.0       36.0       2.0        2.0        0.0        20.0       477.0      796.0      10.0
C29        c          91.0       34.0       2.0        1.0        1.0        30.0       358.0      529.0      10.0
C35        c          26.0       88.0       20.0       6.0        14.0       25.0       468.0      615.0      10.0
C40        c          31.0       40.0       21.0       16.0       5.0        40.0       215.0      1013.0     10.0
C61        c          20.0       83.0       13.0       3.0        10.0       25.0       113.0      488.0      10.0
C62        c          43.0       17.0       2.0        1.0        1.0        50.0       248.0      272.0      10.0
C69        c          2.0        9.0        12.0       3.0        9.0        40.0       479.0      674.0      10.0
C71        c          64.0       43.0       32.0       22.0       10.0       40.0       693.0      847.0      10.0
C75        c          12.0       16.0       23.0       17.0       6.0        40.0       595.0      969.0      10.0
C76        c          61.0       70.0       2.0        2.0        0.0        40.0       461.0      937.0      10.0

L Large vehicle loading capacity /2000.0/
C Electric vehicle loading capacity /250.0/
Q Electric vehicle battery capacity /194.6/
r Fuel consumption rate /1.0/
g Inverse refueling rate /0.1/
v Average velocity /1.0/
