StringID   Type       x          y          demand     DeliveryDemand  PickupDemand  DivisionRate ReadyTime  DueDate    ServiceTime
D0         d          50.0       150.0      0.0        0.0        0.0        0.0        0.0        9999.0     0.0
S1         s          50.0       25.0       0.0        0.0        0.0        0.0        0.0        9999.0     0.0
S6         s          50.0       75.0       0.0        0.0        0.0        0.0        0.0        9999.0     0.0
F_sS1      f          50.0       25.0       0.0        0.0        0.0        0.0        0.0        9999.0     0.0
F_sS6      f          50.0       75.0       0.0        0.0        0.0        0.0        0.0        9999.0     0.0
F6         f          0.0        52.0       0.0        0.0        0.0        0.0        0.0        9999.0     0.0
F16        f          78.0       55.0       0.0        0.0        0.0        0.0        0.0        9999.0     0.0
F14        f          85.0       11.0       0.0        0.0        0.0        0.0        0.0        9999.0     0.0
F13        f          67.0       77.0       0.0        0.0        0.0        0.0        0.0        9999.0     0.0
C1         c          57.0       55.0       34.0       33.0       1.0        20.0       658.0      864.0      10.0
C5         c          42.0       16.0       15.0       6.0        9.0        30.0       148.0      583.0      10.0
C8         c          6.0        54.0       16.0       2.0        14.0       45.0       940.0      954.0      10.0
C10        c          18.0       83.0       13.0       3.0        10.0       40.0       545.0      905.0      10.0
C13        c          12.0       71.0       5.0        1.0        4.0        45.0       464.0      924.0      10.0
C23        c          16.0       78.0       21.0       4.0        17.0       25.0       228.0      915.0      10.0
C25        c          0.0        39.0       20.0       0.0        20.0       40.0       923.0      977.0      10.0
C48        c          90.0       27.0       20.0       6.0        14.0       40.0       263.0      318.0      10.0
C55        c          37.0       66.0       17.0       10.0       7.0        40.0       679.0      900.0      10.0
C69        c          91.0       30.0       26.0       9.0        17.0       50.0       852.0      957.0      10.0
C75        c          59.0       19.0       10.0       3.0        7.0        45.0       156.0      571.0      10.0
C81        c          54.0       34.0       23.0       14.0       9.0        30.0       350.0      841.0      10.0
C83        c          60.0       48.0       16.0       13.0       3.0        40.0       232.0      387.0      10.0
C89        c          35.0       5.0        27.0       4.0        23.0       45.0       870.0      951.0      10.0
C97        c          88.0       34.0       6.0        2.0        4.0        40.0       380.0      611.0      10.0

L Large vehicle loading capacity /2000.0/
C Electric vehicle loading capacity /250.0/
Q Electric vehicle battery capacity /194.6/
r Fuel consumption rate /1.0/
g Inverse refueling rate /0.1/
v Average velocity /1.0/
