StringID   Type       x          y          demand     DeliveryDemand  PickupDemand  DivisionRate ReadyTime  DueDate    ServiceTime
D0         d          50.0       150.0      0.0        0.0        0.0        0.0        0.0        9999.0     0.0
S1         s          50.0       25.0       0.0        0.0        0.0        0.0        0.0        9999.0     0.0
S6         s          50.0       75.0       0.0        0.0        0.0        0.0        0.0        9999.0     0.0
F_sS1      f          50.0       25.0       0.0        0.0        0.0        0.0        0.0        9999.0     0.0
F_sS6      f          50.0       75.0       0.0        0.0        0.0        0.0        0.0        9999.0     0.0
F10        f          57.0       39.0       0.0        0.0        0.0        0.0        0.0        9999.0     0.0
F15        f          11.0       16.0       0.0        0.0        0.0        0.0        0.0        9999.0     0.0
F12        f          0.0        75.0       0.0        0.0        0.0        0.0        0.0        9999.0     0.0
F20        f          32.0       96.0       0.0        0.0        0.0        0.0        0.0        9999.0     0.0
C3         c          48.0       39.0       15.0       12.0       3.0        45.0       698.0      710.0      10.0
C4         c          60.0       78.0       28.0       22.0       6.0        20.0       236.0      853.0      10.0
C7         c          58.0       65.0       16.0       14.0       2.0        20.0       549.0      697.0      10.0
C14        c          8.0        70.0       27.0       3.0        24.0       35.0       140.0      965.0      10.0
C29        c          38.0       11.0       19.0       6.0        13.0       35.0       324.0      925.0      10.0
C44        c          17.0       73.0       28.0       7.0        21.0       50.0       303.0      556.0      10.0
C59        c          37.0       55.0       40.0       27.0       13.0       45.0       371.0      930.0      10.0
C60        c          90.0       33.0       20.0       7.0        13.0       50.0       215.0      841.0      10.0
C65        c          3.0        38.0       32.0       3.0        29.0       30.0       453.0      801.0      10.0
C67        c          70.0       70.0       19.0       19.0       0.0        50.0       375.0      827.0      10.0
C69        c          15.0       52.0       17.0       5.0        12.0       30.0       380.0      587.0      10.0
C70        c          6.0        29.0       2.0        0.0        2.0        20.0       365.0      576.0      10.0
C86        c          61.0       89.0       21.0       14.0       7.0        35.0       315.0      450.0      10.0
C97        c          87.0       36.0       16.0       7.0        9.0        40.0       267.0      959.0      10.0
C98        c          32.0       52.0       9.0        6.0        3.0        50.0       795.0      976.0      10.0

L Large vehicle loading capacity /2000.0/
C Electric vehicle loading capacity /250.0/
Q Electric vehicle battery capacity /194.6/
r Fuel consumption rate /1.0/
g Inverse refueling rate /0.1/
v Average velocity /1.0/
