StringID   Type       x          y          demand     DeliveryDemand  PickupDemand  DivisionRate ReadyTime  DueDate    ServiceTime
D0         d          50.0       150.0      0.0        0.0        0.0        0.0        0.0        9999.0     0.0
S1         s          50.0       25.0       0.0        0.0        0.0        0.0        0.0        9999.0     0.0
S6         s          50.0       75.0       0.0        0.0        0.0        0.0        0.0        9999.0     0.0
F_sS1      f          50.0       25.0       0.0        0.0        0.0        0.0        0.0        9999.0     0.0
F_sS6      f          50.0       75.0       0.0        0.0        0.0        0.0        0.0        9999.0     0.0
F20        f          9.0        11.0       0.0        0.0        0.0        0.0        0.0        9999.0     0.0
F16        f          37.0       57.0       0.0        0.0        0.0        0.0        0.0        9999.0     0.0
F10        f          63.0       59.0       0.0        0.0        0.0        0.0        0.0        9999.0     0.0
F6         f          66.0       43.0       0.0        0.0        0.0        0.0        0.0        9999.0     0.0
C7         c          59.0       71.0       34.0       28.0       6.0        35.0       295.0      762.0      10.0
C8         c          11.0       45.0       2.0        0.0        2.0        35.0       408.0      540.0      10.0
C9         c          58.0       21.0       39.0       14.0       25.0       50.0       143.0      688.0      10.0
C11        c          0.0        70.0       21.0       0.0        21.0       30.0       870.0      924.0      10.0
C33        c          17.0       77.0       21.0       5.0        16.0       50.0       229.0      993.0      10.0
C35        c          30.0       30.0       15.0       15.0       0.0        20.0       208.0      575.0      10.0
C43        c          68.0       46.0       22.0       15.0       7.0        30.0       330.0      487.0      10.0
C56        c          28.0       59.0       10.0       5.0        5.0        35.0       359.0      938.0      10.0
C57        c          58.0       35.0       17.0       10.0       7.0        40.0       255.0      992.0      10.0
C61        c          63.0       74.0       12.0       10.0       2.0        35.0       386.0      706.0      10.0
C62        c          91.0       35.0       26.0       10.0       16.0       45.0       230.0      541.0      10.0
C71        c          37.0       5.0        38.0       5.0        33.0       50.0       254.0      931.0      10.0
C84        c          58.0       45.0       21.0       16.0       5.0        50.0       770.0      887.0      10.0
C86        c          13.0       76.0       19.0       3.0        16.0       30.0       249.0      727.0      10.0
C97        c          32.0       0.0        19.0       0.0        19.0       45.0       241.0      625.0      10.0

L Large vehicle loading capacity /2000.0/
C Electric vehicle loading capacity /250.0/
Q Electric vehicle battery capacity /194.6/
r Fuel consumption rate /1.0/
g Inverse refueling rate /0.1/
v Average velocity /1.0/
