StringID   Type       x          y          demand     DeliveryDemand  PickupDemand  DivisionRate ReadyTime  DueDate    ServiceTime
D0         d          50.0       150.0      0.0        0.0        0.0        0.0        0.0        9999.0     0.0
S1         s          50.0       25.0       0.0        0.0        0.0        0.0        0.0        9999.0     0.0
S6         s          50.0       75.0       0.0        0.0        0.0        0.0        0.0        9999.0     0.0
F_sS1      f          50.0       25.0       0.0        0.0        0.0        0.0        0.0        9999.0     0.0
F_sS6      f          50.0       75.0       0.0        0.0        0.0        0.0        0.0        9999.0     0.0
F18        f          36.0       77.0       0.0        0.0        0.0        0.0        0.0        9999.0     0.0
F5         f          21.0       16.0       0.0        0.0        0.0        0.0        0.0        9999.0     0.0
F0         f          67.0       79.0       0.0        0.0        0.0        0.0        0.0        9999.0     0.0
F19        f          55.0       33.0       0.0        0.0        0.0        0.0        0.0        9999.0     0.0
C9         c          60.0       82.0       20.0       15.0       5.0        40.0       400.0      661.0      10.0
C12        c          18.0       38.0       2.0        1.0        1.0        40.0       388.0      1040.0     10.0
C13        c          58.0       45.0       29.0       22.0       7.0        45.0       382.0      670.0      10.0
C18        c          34.0       54.0       27.0       17.0       10.0       35.0       421.0      762.0      10.0
C23        c          24.0       82.0       18.0       5.0        13.0       30.0       131.0      619.0      10.0
C28        c          0.0        51.0       27.0       0.0        27.0       35.0       545.0      624.0      10.0
C30        c          2.0        49.0       38.0       2.0        36.0       40.0       556.0      637.0      10.0
C33        c          4.0        42.0       18.0       2.0        16.0       40.0       258.0      510.0      10.0
C34        c          44.0       52.0       29.0       25.0       4.0        40.0       317.0      877.0      10.0
C43        c          13.0       76.0       19.0       3.0        16.0       20.0       191.0      1039.0     10.0
C61        c          39.0       7.0        14.0       3.0        11.0       20.0       536.0      809.0      10.0
C68        c          57.0       78.0       16.0       12.0       4.0        25.0       748.0      799.0      10.0
C70        c          56.0       79.0       12.0       9.0        3.0        30.0       189.0      230.0      10.0
C85        c          65.0       14.0       38.0       8.0        30.0       35.0       400.0      938.0      10.0
C88        c          58.0       85.0       31.0       21.0       10.0       40.0       833.0      956.0      10.0

L Large vehicle loading capacity /2000.0/
C Electric vehicle loading capacity /250.0/
Q Electric vehicle battery capacity /194.6/
r Fuel consumption rate /1.0/
g Inverse refueling rate /0.1/
v Average velocity /1.0/
