StringID   Type       x          y          demand     DeliveryDemand  PickupDemand  DivisionRate ReadyTime  DueDate    ServiceTime
D0         d          50.0       150.0      0.0        0.0        0.0        0.0        0.0        9999.0     0.0
S1         s          50.0       25.0       0.0        0.0        0.0        0.0        0.0        9999.0     0.0
S6         s          50.0       75.0       0.0        0.0        0.0        0.0        0.0        9999.0     0.0
F_sS1      f          50.0       25.0       0.0        0.0        0.0        0.0        0.0        9999.0     0.0
F_sS6      f          50.0       75.0       0.0        0.0        0.0        0.0        0.0        9999.0     0.0
F4         f          55.0       40.0       0.0        0.0        0.0        0.0        0.0        9999.0     0.0
F18        f          51.0       39.0       0.0        0.0        0.0        0.0        0.0        9999.0     0.0
F8         f          84.0       40.0       0.0        0.0        0.0        0.0        0.0        9999.0     0.0
F3         f          19.0       42.0       0.0        0.0        0.0        0.0        0.0        9999.0     0.0
C11        c          0.0        52.0       13.0       0.0        13.0       45.0       501.0      839.0      10.0
C19        c          22.0       51.0       20.0       9.0        11.0       25.0       557.0      609.0      10.0
C25        c          29.0       63.0       12.0       6.0        6.0        40.0       124.0      361.0      10.0
C41        c          5.0        29.0       18.0       3.0        15.0       30.0       288.0      919.0      10.0
C51        c          55.0       46.0       20.0       17.0       3.0        30.0       340.0      919.0      10.0
C55        c          60.0       78.0       28.0       22.0       6.0        40.0       434.0      932.0      10.0
C56        c          8.0        42.0       18.0       3.0        15.0       50.0       614.0      839.0      10.0
C61        c          91.0       30.0       6.0        2.0        4.0        50.0       394.0      682.0      10.0
C64        c          34.0       37.0       20.0       18.0       2.0        35.0       273.0      341.0      10.0
C67        c          37.0       9.0        28.0       7.0        21.0       20.0       329.0      617.0      10.0
C71        c          27.0       56.0       3.0        1.0        2.0        20.0       202.0      435.0      10.0
C74        c          0.0        44.0       13.0       0.0        13.0       25.0       202.0      396.0      10.0
C78        c          30.0       43.0       23.0       16.0       7.0        30.0       400.0      574.0      10.0
C91        c          27.0       60.0       15.0       7.0        8.0        40.0       394.0      904.0      10.0
C97        c          2.0        38.0       2.0        0.0        2.0        40.0       279.0      331.0      10.0

L Large vehicle loading capacity /2000.0/
C Electric vehicle loading capacity /250.0/
Q Electric vehicle battery capacity /194.6/
r Fuel consumption rate /1.0/
g Inverse refueling rate /0.1/
v Average velocity /1.0/
