StringID   Type       x          y          demand     DeliveryDemand  PickupDemand  DivisionRate ReadyTime  DueDate    ServiceTime
D0         d          50.0       150.0      0.0        0.0        0.0        0.0        0.0        9999.0     0.0
S1         s          50.0       25.0       0.0        0.0        0.0        0.0        0.0        9999.0     0.0
S6         s          50.0       75.0       0.0        0.0        0.0        0.0        0.0        9999.0     0.0
F_sS1      f          50.0       25.0       0.0        0.0        0.0        0.0        0.0        9999.0     0.0
F_sS6      f          50.0       75.0       0.0        0.0        0.0        0.0        0.0        9999.0     0.0
F1         f          45.0       62.0       0.0        0.0        0.0        0.0        0.0        9999.0     0.0
F9         f          71.0       66.0       0.0        0.0        0.0        0.0        0.0        9999.0     0.0
F4         f          62.0       79.0       0.0        0.0        0.0        0.0        0.0        9999.0     0.0
F8         f          48.0       55.0       0.0        0.0        0.0        0.0        0.0        9999.0     0.0
C7         c          27.0       26.0       24.0       23.0       1.0        40.0       686.0      915.0      10.0
C34        c          58.0       37.0       29.0       18.0       11.0       25.0       516.0      645.0      10.0
C38        c          6.0        52.0       15.0       2.0        13.0       50.0       329.0      405.0      10.0
C45        c          15.0       72.0       15.0       3.0        12.0       35.0       523.0      580.0      10.0
C48        c          24.0       82.0       16.0       5.0        11.0       20.0       494.0      614.0      10.0
C59        c          53.0       28.0       29.0       15.0       14.0       45.0       479.0      658.0      10.0
C64        c          53.0       49.0       26.0       24.0       2.0        45.0       829.0      911.0      10.0
C67        c          7.0        47.0       18.0       3.0        15.0       45.0       514.0      627.0      10.0
C71        c          44.0       47.0       20.0       19.0       1.0        40.0       704.0      959.0      10.0
C72        c          67.0       28.0       9.0        4.0        5.0        40.0       735.0      755.0      10.0
C76        c          81.0       32.0       24.0       9.0        15.0       25.0       591.0      732.0      10.0
C92        c          37.0       30.0       18.0       15.0       3.0        35.0       234.0      826.0      10.0
C95        c          9.0        74.0       12.0       1.0        11.0       50.0       146.0      585.0      10.0
C96        c          7.0        54.0       10.0       1.0        9.0        40.0       616.0      953.0      10.0
C99        c          96.0       34.0       22.0       8.0        14.0       50.0       296.0      794.0      10.0

L Large vehicle loading capacity /2000.0/
C Electric vehicle loading capacity /250.0/
Q Electric vehicle battery capacity /194.6/
r Fuel consumption rate /1.0/
g Inverse refueling rate /0.1/
v Average velocity /1.0/
