StringID   Type       x          y          demand     DeliveryDemand  PickupDemand  DivisionRate ReadyTime  DueDate    ServiceTime
D0         d          50.0       150.0      0.0        0.0        0.0        0.0        0.0        9999.0     0.0
S1         s          50.0       25.0       0.0        0.0        0.0        0.0        0.0        9999.0     0.0
S6         s          50.0       75.0       0.0        0.0        0.0        0.0        0.0        9999.0     0.0
F_sS1      f          50.0       25.0       0.0        0.0        0.0        0.0        0.0        9999.0     0.0
F_sS6      f          50.0       75.0       0.0        0.0        0.0        0.0        0.0        9999.0     0.0
F10        f          29.0       84.0       0.0        0.0        0.0        0.0        0.0        9999.0     0.0
F3         f          0.0        72.0       0.0        0.0        0.0        0.0        0.0        9999.0     0.0
F9         f          81.0       51.0       0.0        0.0        0.0        0.0        0.0        9999.0     0.0
F8         f          43.0       63.0       0.0        0.0        0.0        0.0        0.0        9999.0     0.0
C8         c          40.0       7.0        23.0       4.0        19.0       50.0       126.0      508.0      10.0
C11        c          42.0       13.0       24.0       7.0        17.0       30.0       269.0      837.0      10.0
C16        c          34.0       7.0        29.0       6.0        23.0       30.0       745.0      904.0      10.0
C18        c          8.0        56.0       8.0        1.0        7.0        20.0       297.0      870.0      10.0
C21        c          35.0       59.0       12.0       7.0        5.0        20.0       582.0      866.0      10.0
C32        c          9.0        18.0       25.0       12.0       13.0       40.0       571.0      708.0      10.0
C45        c          11.0       52.0       11.0       2.0        9.0        30.0       734.0      858.0      10.0
C53        c          63.0       10.0       23.0       4.0        19.0       30.0       538.0      767.0      10.0
C63        c          55.0       42.0       25.0       19.0       6.0        35.0       433.0      477.0      10.0
C65        c          7.0        8.0        11.0       10.0       1.0        45.0       661.0      860.0      10.0
C69        c          33.0       6.0        13.0       2.0        11.0       40.0       596.0      932.0      10.0
C73        c          90.0       29.0       17.0       5.0        12.0       45.0       140.0      576.0      10.0
C74        c          28.0       86.0       5.0        2.0        3.0        20.0       509.0      851.0      10.0
C85        c          34.0       65.0       21.0       11.0       10.0       45.0       151.0      438.0      10.0
C86        c          69.0       6.0        12.0       1.0        11.0       25.0       331.0      871.0      10.0

L Large vehicle loading capacity /2000.0/
C Electric vehicle loading capacity /250.0/
Q Electric vehicle battery capacity /194.6/
r Fuel consumption rate /1.0/
g Inverse refueling rate /0.1/
v Average velocity /1.0/
