StringID   Type       x          y          demand     DeliveryDemand  PickupDemand  DivisionRate ReadyTime  DueDate    ServiceTime
D0         d          50.0       150.0      0.0        0.0        0.0        0.0        0.0        9999.0     0.0
S1         s          50.0       25.0       0.0        0.0        0.0        0.0        0.0        9999.0     0.0
S6         s          50.0       75.0       0.0        0.0        0.0        0.0        0.0        9999.0     0.0
F_sS1      f          50.0       25.0       0.0        0.0        0.0        0.0        0.0        9999.0     0.0
F_sS6      f          50.0       75.0       0.0        0.0        0.0        0.0        0.0        9999.0     0.0
F20        f          46.0       24.0       0.0        0.0        0.0        0.0        0.0        9999.0     0.0
F6         f          90.0       53.0       0.0        0.0        0.0        0.0        0.0        9999.0     0.0
F14        f          65.0       28.0       0.0        0.0        0.0        0.0        0.0        9999.0     0.0
F1         f          42.0       72.0       0.0        0.0        0.0        0.0        0.0        9999.0     0.0
C7         c          56.0       76.0       8.0        6.0        2.0        40.0       595.0      739.0      10.0
C8         c          62.0       46.0       12.0       9.0        3.0        30.0       623.0      727.0      10.0
C9         c          1.0        36.0       5.0        0.0        5.0        40.0       403.0      699.0      10.0
C26        c          15.0       25.0       18.0       11.0       7.0        40.0       640.0      702.0      10.0
C30        c          30.0       21.0       11.0       8.0        3.0        45.0       851.0      1013.0     10.0
C34        c          22.0       32.0       20.0       14.0       6.0        20.0       654.0      746.0      10.0
C41        c          19.0       79.0       29.0       7.0        22.0       30.0       679.0      986.0      10.0
C42        c          30.0       31.0       15.0       15.0       0.0        35.0       761.0      878.0      10.0
C48        c          59.0       25.0       22.0       9.0        13.0       35.0       339.0      388.0      10.0
C59        c          11.0       19.0       9.0        5.0        4.0        35.0       371.0      552.0      10.0
C62        c          88.0       39.0       18.0       8.0        10.0       40.0       580.0      721.0      10.0
C74        c          6.0        43.0       14.0       2.0        12.0       30.0       512.0      1024.0     10.0
C77        c          44.0       7.0        10.0       2.0        8.0        35.0       322.0      689.0      10.0
C85        c          92.0       34.0       21.0       8.0        13.0       30.0       161.0      340.0      10.0
C90        c          54.0       44.0       9.0        7.0        2.0        40.0       469.0      838.0      10.0

L Large vehicle loading capacity /2000.0/
C Electric vehicle loading capacity /250.0/
Q Electric vehicle battery capacity /194.6/
r Fuel consumption rate /1.0/
g Inverse refueling rate /0.1/
v Average velocity /1.0/
