StringID   Type       x          y          demand     DeliveryDemand  PickupDemand  DivisionRate ReadyTime  DueDate    ServiceTime
D0         d          50.0       150.0      0.0        0.0        0.0        0.0        0.0        9999.0     0.0
S1         s          50.0       25.0       0.0        0.0        0.0        0.0        0.0        9999.0     0.0
S6         s          50.0       75.0       0.0        0.0        0.0        0.0        0.0        9999.0     0.0
F_sS1      f          50.0       25.0       0.0        0.0        0.0        0.0        0.0        9999.0     0.0
F_sS6      f          50.0       75.0       0.0        0.0        0.0        0.0        0.0        9999.0     0.0
F1         f          40.0       84.0       0.0        0.0        0.0        0.0        0.0        9999.0     0.0
F0         f          9.0        92.0       0.0        0.0        0.0        0.0        0.0        9999.0     0.0
F9         f          57.0       66.0       0.0        0.0        0.0        0.0        0.0        9999.0     0.0
F4         f          40.0       52.0       0.0        0.0        0.0        0.0        0.0        9999.0     0.0
C0         c          18.0       79.0       26.0       6.0        20.0       25.0       347.0      940.0      10.0
C2         c          18.0       84.0       20.0       4.0        16.0       30.0       304.0      777.0      10.0
C19        c          89.0       30.0       5.0        2.0        3.0        45.0       386.0      604.0      10.0
C32        c          34.0       32.0       27.0       25.0       2.0        30.0       103.0      529.0      10.0
C41        c          32.0       4.0        16.0       2.0        14.0       50.0       588.0      911.0      10.0
C62        c          34.0       4.0        23.0       3.0        20.0       30.0       218.0      829.0      10.0
C65        c          63.0       7.0        14.0       2.0        12.0       25.0       236.0      403.0      10.0
C72        c          25.0       38.0       22.0       14.0       8.0        45.0       198.0      747.0      10.0
C77        c          49.0       72.0       4.0        3.0        1.0        25.0       355.0      967.0      10.0
C78        c          65.0       49.0       33.0       25.0       8.0        45.0       296.0      465.0      10.0
C79        c          63.0       13.0       26.0       5.0        21.0       30.0       407.0      833.0      10.0
C85        c          91.0       28.0       15.0       5.0        10.0       30.0       417.0      719.0      10.0
C86        c          64.0       22.0       16.0       6.0        10.0       30.0       477.0      504.0      10.0
C89        c          10.0       70.0       32.0       5.0        27.0       50.0       669.0      915.0      10.0
C99        c          91.0       35.0       40.0       15.0       25.0       35.0       727.0      932.0      10.0

L Large vehicle loading capacity /2000.0/
C Electric vehicle loading capacity /250.0/
Q Electric vehicle battery capacity /194.6/
r Fuel consumption rate /1.0/
g Inverse refueling rate /0.1/
v Average velocity /1.0/
