StringID   Type       x          y          demand     DeliveryDemand  PickupDemand  DivisionRate ReadyTime  DueDate    ServiceTime
D0         d          50.0       150.0      0.0        0.0        0.0        0.0        0.0        9999.0     0.0
S1         s          50.0       25.0       0.0        0.0        0.0        0.0        0.0        9999.0     0.0
S6         s          50.0       75.0       0.0        0.0        0.0        0.0        0.0        9999.0     0.0
F_sS1      f          50.0       25.0       0.0        0.0        0.0        0.0        0.0        9999.0     0.0
F_sS6      f          50.0       75.0       0.0        0.0        0.0        0.0        0.0        9999.0     0.0
F20        f          80.0       44.0       0.0        0.0        0.0        0.0        0.0        9999.0     0.0
F5         f          40.0       37.0       0.0        0.0        0.0        0.0        0.0        9999.0     0.0
F18        f          58.0       71.0       0.0        0.0        0.0        0.0        0.0        9999.0     0.0
F17        f          17.0       43.0       0.0        0.0        0.0        0.0        0.0        9999.0     0.0
C12        c          39.0       3.0        33.0       3.0        30.0       35.0       551.0      674.0      10.0
C24        c          40.0       13.0       30.0       10.0       20.0       35.0       682.0      750.0      10.0
C27        c          11.0       49.0       13.0       3.0        10.0       40.0       262.0      923.0      10.0
C32        c          15.0       6.0        28.0       11.0       17.0       20.0       534.0      834.0      10.0
C35        c          65.0       85.0       16.0       12.0       4.0        35.0       402.0      559.0      10.0
C44        c          6.0        48.0       6.0        1.0        5.0        40.0       413.0      975.0      10.0
C45        c          37.0       34.0       19.0       17.0       2.0        35.0       304.0      487.0      10.0
C81        c          64.0       83.0       18.0       14.0       4.0        50.0       710.0      1017.0     10.0
C83        c          30.0       44.0       2.0        1.0        1.0        50.0       865.0      870.0      10.0
C84        c          46.0       19.0       16.0       7.0        9.0        30.0       407.0      865.0      10.0
C86        c          11.0       65.0       9.0        2.0        7.0        35.0       448.0      694.0      10.0
C88        c          93.0       31.0       3.0        1.0        2.0        45.0       777.0      935.0      10.0
C90        c          66.0       81.0       26.0       21.0       5.0        25.0       136.0      362.0      10.0
C95        c          68.0       15.0       17.0       4.0        13.0       30.0       251.0      771.0      10.0
C96        c          14.0       44.0       22.0       7.0        15.0       30.0       293.0      619.0      10.0

L Large vehicle loading capacity /2000.0/
C Electric vehicle loading capacity /250.0/
Q Electric vehicle battery capacity /194.6/
r Fuel consumption rate /1.0/
g Inverse refueling rate /0.1/
v Average velocity /1.0/
