StringID   Type       x          y          demand     DeliveryDemand  PickupDemand  DivisionRate ReadyTime  DueDate    ServiceTime
D0         d          50.0       150.0      0.0        0.0        0.0        0.0        0.0        9999.0     0.0
S1         s          50.0       25.0       0.0        0.0        0.0        0.0        0.0        9999.0     0.0
S6         s          50.0       75.0       0.0        0.0        0.0        0.0        0.0        9999.0     0.0
F_sS1      f          50.0       25.0       0.0        0.0        0.0        0.0        0.0        9999.0     0.0
F_sS6      f          50.0       75.0       0.0        0.0        0.0        0.0        0.0        9999.0     0.0
F1         f          3.0        50.0       0.0        0.0        0.0        0.0        0.0        9999.0     0.0
F10        f          38.0       72.0       0.0        0.0        0.0        0.0        0.0        9999.0     0.0
F12        f          17.0       63.0       0.0        0.0        0.0        0.0        0.0        9999.0     0.0
F11        f          66.0       73.0       0.0        0.0        0.0        0.0        0.0        9999.0     0.0
C23        c          31.0       33.0       22.0       21.0       1.0        30.0       576.0      855.0      10.0
C29        c          90.0       30.0       30.0       10.0       20.0       25.0       238.0      279.0      10.0
C32        c          58.0       19.0       21.0       7.0        14.0       35.0       595.0      599.0      10.0
C45        c          21.0       25.0       20.0       17.0       3.0        40.0       126.0      498.0      10.0
C47        c          15.0       75.0       20.0       4.0        16.0       40.0       388.0      495.0      10.0
C49        c          32.0       54.0       27.0       16.0       11.0       20.0       393.0      1028.0     10.0
C50        c          87.0       32.0       4.0        1.0        3.0        45.0       428.0      558.0      10.0
C53        c          31.0       35.0       22.0       19.0       3.0        40.0       444.0      628.0      10.0
C54        c          58.0       43.0       15.0       11.0       4.0        30.0       314.0      666.0      10.0
C57        c          37.0       9.0        15.0       4.0        11.0       45.0       418.0      794.0      10.0
C60        c          61.0       24.0       17.0       7.0        10.0       35.0       596.0      604.0      10.0
C66        c          28.0       85.0       13.0       4.0        9.0        50.0       391.0      988.0      10.0
C94        c          71.0       13.0       21.0       4.0        17.0       35.0       465.0      600.0      10.0
C95        c          3.0        45.0       18.0       1.0        17.0       50.0       161.0      792.0      10.0
C96        c          24.0       2.0        7.0        1.0        6.0        40.0       233.0      715.0      10.0

L Large vehicle loading capacity /2000.0/
C Electric vehicle loading capacity /250.0/
Q Electric vehicle battery capacity /194.6/
r Fuel consumption rate /1.0/
g Inverse refueling rate /0.1/
v Average velocity /1.0/
