StringID   Type       x          y          demand     DeliveryDemand  PickupDemand  DivisionRate ReadyTime  DueDate    ServiceTime
D0         d          50.0       150.0      0.0        0.0        0.0        0.0        0.0        9999.0     0.0
S1         s          50.0       25.0       0.0        0.0        0.0        0.0        0.0        9999.0     0.0
S6         s          50.0       75.0       0.0        0.0        0.0        0.0        0.0        9999.0     0.0
F_sS1      f          50.0       25.0       0.0        0.0        0.0        0.0        0.0        9999.0     0.0
F_sS6      f          50.0       75.0       0.0        0.0        0.0        0.0        0.0        9999.0     0.0
F20        f          37.0       32.0       0.0        0.0        0.0        0.0        0.0        9999.0     0.0
F12        f          0.0        11.0       0.0        0.0        0.0        0.0        0.0        9999.0     0.0
F1         f          52.0       90.0       0.0        0.0        0.0        0.0        0.0        9999.0     0.0
F0         f          26.0       75.0       0.0        0.0        0.0        0.0        0.0        9999.0     0.0
C5         c          5.0        41.0       25.0       3.0        22.0       25.0       200.0      423.0      10.0
C7         c          58.0       83.0       14.0       10.0       4.0        30.0       103.0      469.0      10.0
C8         c          5.0        44.0       19.0       2.0        17.0       30.0       683.0      912.0      10.0
C25        c          91.0       33.0       10.0       4.0        6.0        20.0       707.0      810.0      10.0
C31        c          37.0       5.0        15.0       2.0        13.0       35.0       286.0      549.0      10.0
C34        c          63.0       93.0       27.0       18.0       9.0        35.0       858.0      940.0      10.0
C38        c          52.0       40.0       12.0       9.0        3.0        30.0       156.0      358.0      10.0
C46        c          47.0       8.0        28.0       5.0        23.0       40.0       371.0      905.0      10.0
C52        c          12.0       45.0       18.0       5.0        13.0       50.0       128.0      319.0      10.0
C64        c          40.0       9.0        27.0       6.0        21.0       45.0       296.0      570.0      10.0
C70        c          85.0       32.0       27.0       10.0       17.0       45.0       374.0      877.0      10.0
C79        c          60.0       49.0       15.0       12.0       3.0        50.0       290.0      541.0      10.0
C87        c          60.0       75.0       2.0        2.0        0.0        25.0       459.0      473.0      10.0
C90        c          63.0       25.0       16.0       6.0        10.0       30.0       291.0      795.0      10.0
C98        c          42.0       2.0        25.0       1.0        24.0       20.0       299.0      456.0      10.0

L Large vehicle loading capacity /2000.0/
C Electric vehicle loading capacity /250.0/
Q Electric vehicle battery capacity /194.6/
r Fuel consumption rate /1.0/
g Inverse refueling rate /0.1/
v Average velocity /1.0/
