StringID   Type       x          y          demand     DeliveryDemand  PickupDemand  DivisionRate ReadyTime  DueDate    ServiceTime
D0         d          50.0       150.0      0.0        0.0        0.0        0.0        0.0        9999.0     0.0
S1         s          50.0       25.0       0.0        0.0        0.0        0.0        0.0        9999.0     0.0
S6         s          50.0       75.0       0.0        0.0        0.0        0.0        0.0        9999.0     0.0
F_sS1      f          50.0       25.0       0.0        0.0        0.0        0.0        0.0        9999.0     0.0
F_sS6      f          50.0       75.0       0.0        0.0        0.0        0.0        0.0        9999.0     0.0
F10        f          59.0       71.0       0.0        0.0        0.0        0.0        0.0        9999.0     0.0
F20        f          30.0       37.0       0.0        0.0        0.0        0.0        0.0        9999.0     0.0
F11        f          41.0       29.0       0.0        0.0        0.0        0.0        0.0        9999.0     0.0
F14        f          3.0        48.0       0.0        0.0        0.0        0.0        0.0        9999.0     0.0
C3         c          59.0       81.0       22.0       16.0       6.0        35.0       235.0      561.0      10.0
C5         c          33.0       65.0       22.0       11.0       11.0       30.0       861.0      951.0      10.0
C17        c          16.0       43.0       25.0       9.0        16.0       35.0       644.0      841.0      10.0
C22        c          58.0       86.0       13.0       9.0        4.0        35.0       907.0      954.0      10.0
C33        c          55.0       49.0       2.0        2.0        0.0        30.0       344.0      687.0      10.0
C43        c          37.0       36.0       32.0       31.0       1.0        50.0       275.0      293.0      10.0
C46        c          24.0       83.0       15.0       4.0        11.0       30.0       403.0      950.0      10.0
C48        c          66.0       10.0       23.0       3.0        20.0       50.0       846.0      1019.0     10.0
C49        c          12.0       15.0       15.0       12.0       3.0        35.0       780.0      806.0      10.0
C50        c          43.0       33.0       11.0       8.0        3.0        35.0       108.0      702.0      10.0
C51        c          52.0       48.0       2.0        2.0        0.0        50.0       282.0      430.0      10.0
C76        c          45.0       63.0       12.0       9.0        3.0        40.0       157.0      937.0      10.0
C90        c          31.0       62.0       17.0       8.0        9.0        35.0       877.0      934.0      10.0
C93        c          9.0        17.0       14.0       7.0        7.0        50.0       368.0      982.0      10.0
C98        c          5.0        40.0       25.0       3.0        22.0       20.0       760.0      815.0      10.0

L Large vehicle loading capacity /2000.0/
C Electric vehicle loading capacity /250.0/
Q Electric vehicle battery capacity /194.6/
r Fuel consumption rate /1.0/
g Inverse refueling rate /0.1/
v Average velocity /1.0/
