StringID   Type       x          y          demand     DeliveryDemand  PickupDemand  DivisionRate ReadyTime  DueDate    ServiceTime
D0         d          50.0       150.0      0.0        0.0        0.0        0.0        0.0        9999.0     0.0
S1         s          50.0       25.0       0.0        0.0        0.0        0.0        0.0        9999.0     0.0
S6         s          50.0       75.0       0.0        0.0        0.0        0.0        0.0        9999.0     0.0
F_sS1      f          50.0       25.0       0.0        0.0        0.0        0.0        0.0        9999.0     0.0
F_sS6      f          50.0       75.0       0.0        0.0        0.0        0.0        0.0        9999.0     0.0
F7         f          63.0       11.0       0.0        0.0        0.0        0.0        0.0        9999.0     0.0
F0         f          30.0       19.0       0.0        0.0        0.0        0.0        0.0        9999.0     0.0
F14        f          46.0       33.0       0.0        0.0        0.0        0.0        0.0        9999.0     0.0
F9         f          50.0       48.0       0.0        0.0        0.0        0.0        0.0        9999.0     0.0
C1         c          17.0       76.0       24.0       5.0        19.0       20.0       289.0      577.0      10.0
C7         c          40.0       13.0       26.0       8.0        18.0       45.0       817.0      971.0      10.0
C10        c          80.0       45.0       10.0       6.0        4.0        25.0       272.0      303.0      10.0
C20        c          5.0        52.0       13.0       1.0        12.0       35.0       232.0      629.0      10.0
C34        c          90.0       34.0       18.0       7.0        11.0       35.0       479.0      959.0      10.0
C37        c          35.0       59.0       17.0       10.0       7.0        20.0       771.0      789.0      10.0
C38        c          92.0       40.0       24.0       10.0       14.0       35.0       243.0      770.0      10.0
C43        c          52.0       49.0       19.0       18.0       1.0        50.0       732.0      856.0      10.0
C56        c          12.0       15.0       13.0       10.0       3.0        30.0       321.0      585.0      10.0
C57        c          32.0       70.0       22.0       10.0       12.0       40.0       375.0      686.0      10.0
C71        c          15.0       75.0       5.0        1.0        4.0        40.0       301.0      654.0      10.0
C72        c          29.0       53.0       12.0       7.0        5.0        50.0       495.0      580.0      10.0
C73        c          20.0       78.0       38.0       10.0       28.0       45.0       190.0      444.0      10.0
C74        c          49.0       38.0       27.0       21.0       6.0        45.0       508.0      884.0      10.0
C86        c          10.0       41.0       21.0       5.0        16.0       50.0       744.0      763.0      10.0

L Large vehicle loading capacity /2000.0/
C Electric vehicle loading capacity /250.0/
Q Electric vehicle battery capacity /194.6/
r Fuel consumption rate /1.0/
g Inverse refueling rate /0.1/
v Average velocity /1.0/
