StringID   Type       x          y          demand     DeliveryDemand  PickupDemand  DivisionRate ReadyTime  DueDate    ServiceTime
D0         d          50.0       150.0      0.0        0.0        0.0        0.0        0.0        9999.0     0.0
S1         s          50.0       25.0       0.0        0.0        0.0        0.0        0.0        9999.0     0.0
S6         s          50.0       75.0       0.0        0.0        0.0        0.0        0.0        9999.0     0.0
F_sS1      f          50.0       25.0       0.0        0.0        0.0        0.0        0.0        9999.0     0.0
F_sS6      f          50.0       75.0       0.0        0.0        0.0        0.0        0.0        9999.0     0.0
F14        f          90.0       64.0       0.0        0.0        0.0        0.0        0.0        9999.0     0.0
F13        f          25.0       56.0       0.0        0.0        0.0        0.0        0.0        9999.0     0.0
F17        f          56.0       56.0       0.0        0.0        0.0        0.0        0.0        9999.0     0.0
F7         f          70.0       28.0       0.0        0.0        0.0        0.0        0.0        9999.0     0.0
C1         c          37.0       9.0        19.0       5.0        14.0       30.0       610.0      714.0      10.0
C12        c          54.0       82.0       16.0       11.0       5.0        40.0       400.0      535.0      10.0
C13        c          60.0       46.0       26.0       20.0       6.0        45.0       668.0      754.0      10.0
C29        c          13.0       23.0       5.0        3.0        2.0        35.0       353.0      674.0      10.0
C30        c          51.0       14.0       19.0       5.0        14.0       40.0       565.0      677.0      10.0
C43        c          62.0       50.0       18.0       15.0       3.0        35.0       236.0      551.0      10.0
C46        c          91.0       29.0       19.0       6.0        13.0       50.0       702.0      795.0      10.0
C56        c          5.0        31.0       34.0       5.0        29.0       30.0       247.0      511.0      10.0
C61        c          4.0        43.0       14.0       1.0        13.0       40.0       524.0      940.0      10.0
C62        c          96.0       36.0       9.0        3.0        6.0        35.0       786.0      1023.0     10.0
C65        c          52.0       67.0       23.0       18.0       5.0        35.0       888.0      946.0      10.0
C76        c          88.0       34.0       14.0       5.0        9.0        30.0       649.0      772.0      10.0
C83        c          28.0       61.0       36.0       17.0       19.0       25.0       735.0      999.0      10.0
C88        c          94.0       30.0       23.0       7.0        16.0       25.0       238.0      907.0      10.0
C89        c          0.0        3.0        28.0       0.0        28.0       30.0       338.0      902.0      10.0

L Large vehicle loading capacity /2000.0/
C Electric vehicle loading capacity /250.0/
Q Electric vehicle battery capacity /194.6/
r Fuel consumption rate /1.0/
g Inverse refueling rate /0.1/
v Average velocity /1.0/
