StringID   Type       x          y          demand     DeliveryDemand  PickupDemand  DivisionRate ReadyTime  DueDate    ServiceTime
D0         d          50.0       150.0      0.0        0.0        0.0        0.0        0.0        9999.0     0.0
S1         s          50.0       25.0       0.0        0.0        0.0        0.0        0.0        9999.0     0.0
S6         s          50.0       75.0       0.0        0.0        0.0        0.0        0.0        9999.0     0.0
F_sS1      f          50.0       25.0       0.0        0.0        0.0        0.0        0.0        9999.0     0.0
F_sS6      f          50.0       75.0       0.0        0.0        0.0        0.0        0.0        9999.0     0.0
F15        f          47.0       82.0       0.0        0.0        0.0        0.0        0.0        9999.0     0.0
F2         f          20.0       79.0       0.0        0.0        0.0        0.0        0.0        9999.0     0.0
F19        f          73.0       11.0       0.0        0.0        0.0        0.0        0.0        9999.0     0.0
F16        f          40.0       72.0       0.0        0.0        0.0        0.0        0.0        9999.0     0.0
C1         c          59.0       21.0       19.0       7.0        12.0       20.0       489.0      529.0      10.0
C8         c          61.0       77.0       23.0       18.0       5.0        30.0       216.0      280.0      10.0
C19        c          19.0       83.0       37.0       8.0        29.0       35.0       349.0      493.0      10.0
C24        c          59.0       17.0       18.0       5.0        13.0       50.0       409.0      977.0      10.0
C30        c          14.0       74.0       37.0       7.0        30.0       50.0       850.0      865.0      10.0
C35        c          8.0        36.0       8.0        2.0        6.0        25.0       371.0      403.0      10.0
C41        c          18.0       35.0       34.0       17.0       17.0       30.0       557.0      869.0      10.0
C44        c          60.0       56.0       12.0       11.0       1.0        45.0       128.0      652.0      10.0
C47        c          59.0       75.0       10.0       8.0        2.0        35.0       372.0      944.0      10.0
C54        c          69.0       83.0       10.0       8.0        2.0        35.0       241.0      508.0      10.0
C58        c          64.0       85.0       24.0       18.0       6.0        35.0       290.0      290.0      10.0
C74        c          60.0       49.0       33.0       27.0       6.0        50.0       431.0      634.0      10.0
C89        c          55.0       88.0       21.0       13.0       8.0        25.0       588.0      723.0      10.0
C91        c          45.0       12.0       5.0        1.0        4.0        50.0       742.0      808.0      10.0
C93        c          15.0       82.0       18.0       3.0        15.0       30.0       477.0      703.0      10.0

L Large vehicle loading capacity /2000.0/
C Electric vehicle loading capacity /250.0/
Q Electric vehicle battery capacity /194.6/
r Fuel consumption rate /1.0/
g Inverse refueling rate /0.1/
v Average velocity /1.0/
