StringID   Type       x          y          demand     DeliveryDemand  PickupDemand  DivisionRate ReadyTime  DueDate    ServiceTime
D0         d          50.0       150.0      0.0        0.0        0.0        0.0        0.0        9999.0     0.0
S1         s          50.0       25.0       0.0        0.0        0.0        0.0        0.0        9999.0     0.0
S6         s          50.0       75.0       0.0        0.0        0.0        0.0        0.0        9999.0     0.0
F_sS1      f          50.0       25.0       0.0        0.0        0.0        0.0        0.0        9999.0     0.0
F_sS6      f          50.0       75.0       0.0        0.0        0.0        0.0        0.0        9999.0     0.0
F12        f          27.0       76.0       0.0        0.0        0.0        0.0        0.0        9999.0     0.0
F1         f          54.0       49.0       0.0        0.0        0.0        0.0        0.0        9999.0     0.0
F7         f          19.0       11.0       0.0        0.0        0.0        0.0        0.0        9999.0     0.0
F5         f          53.0       62.0       0.0        0.0        0.0        0.0        0.0        9999.0     0.0
C9         c          13.0       56.0       13.0       3.0        10.0       40.0       516.0      969.0      10.0
C13        c          27.0       6.0        14.0       3.0        11.0       35.0       380.0      432.0      10.0
C15        c          89.0       30.0       27.0       9.0        18.0       40.0       350.0      416.0      10.0
C16        c          10.0       16.0       5.0        3.0        2.0        30.0       717.0      748.0      10.0
C28        c          18.0       80.0       16.0       4.0        12.0       30.0       188.0      825.0      10.0
C34        c          34.0       30.0       23.0       20.0       3.0        30.0       624.0      756.0      10.0
C39        c          54.0       85.0       3.0        2.0        1.0        30.0       450.0      727.0      10.0
C40        c          17.0       78.0       31.0       7.0        24.0       45.0       339.0      868.0      10.0
C47        c          39.0       6.0        27.0       4.0        23.0       45.0       401.0      704.0      10.0
C51        c          22.0       29.0       13.0       10.0       3.0        35.0       321.0      795.0      10.0
C53        c          25.0       28.0       28.0       25.0       3.0        40.0       703.0      807.0      10.0
C56        c          16.0       32.0       33.0       16.0       17.0       35.0       299.0      496.0      10.0
C61        c          41.0       9.0        4.0        1.0        3.0        40.0       471.0      1006.0     10.0
C80        c          54.0       32.0       7.0        4.0        3.0        40.0       702.0      805.0      10.0
C99        c          0.0        39.0       5.0        0.0        5.0        35.0       318.0      539.0      10.0

L Large vehicle loading capacity /2000.0/
C Electric vehicle loading capacity /250.0/
Q Electric vehicle battery capacity /194.6/
r Fuel consumption rate /1.0/
g Inverse refueling rate /0.1/
v Average velocity /1.0/
