StringID   Type       x          y          demand     DeliveryDemand  PickupDemand  DivisionRate ReadyTime  DueDate    ServiceTime
D0         d          50.0       150.0      0.0        0.0        0.0        0.0        0.0        9999.0     0.0
S1         s          50.0       25.0       0.0        0.0        0.0        0.0        0.0        9999.0     0.0
S6         s          50.0       75.0       0.0        0.0        0.0        0.0        0.0        9999.0     0.0
F_sS1      f          50.0       25.0       0.0        0.0        0.0        0.0        0.0        9999.0     0.0
F_sS6      f          50.0       75.0       0.0        0.0        0.0        0.0        0.0        9999.0     0.0
F9         f          64.0       38.0       0.0        0.0        0.0        0.0        0.0        9999.0     0.0
F13        f          34.0       18.0       0.0        0.0        0.0        0.0        0.0        9999.0     0.0
F2         f          58.0       46.0       0.0        0.0        0.0        0.0        0.0        9999.0     0.0
F4         f          46.0       68.0       0.0        0.0        0.0        0.0        0.0        9999.0     0.0
C2         c          89.0       27.0       6.0        2.0        4.0        45.0       418.0      683.0      10.0
C12        c          3.0        16.0       15.0       3.0        12.0       35.0       890.0      970.0      10.0
C14        c          44.0       11.0       27.0       7.0        20.0       45.0       518.0      924.0      10.0
C32        c          12.0       46.0       26.0       7.0        19.0       50.0       309.0      693.0      10.0
C37        c          87.0       39.0       16.0       7.0        9.0        40.0       300.0      576.0      10.0
C46        c          0.0        45.0       10.0       0.0        10.0       20.0       259.0      382.0      10.0
C52        c          13.0       18.0       18.0       13.0       5.0        25.0       332.0      518.0      10.0
C55        c          18.0       80.0       4.0        1.0        3.0        45.0       317.0      798.0      10.0
C56        c          60.0       7.0        7.0        1.0        6.0        30.0       505.0      903.0      10.0
C62        c          59.0       37.0       5.0        3.0        2.0        35.0       361.0      876.0      10.0
C69        c          64.0       52.0       20.0       16.0       4.0        20.0       440.0      628.0      10.0
C75        c          0.0        6.0        9.0        0.0        9.0        30.0       143.0      475.0      10.0
C81        c          23.0       83.0       16.0       4.0        12.0       35.0       264.0      508.0      10.0
C85        c          64.0       79.0       18.0       15.0       3.0        35.0       348.0      721.0      10.0
C93        c          0.0        23.0       13.0       0.0        13.0       25.0       809.0      866.0      10.0

L Large vehicle loading capacity /2000.0/
C Electric vehicle loading capacity /250.0/
Q Electric vehicle battery capacity /194.6/
r Fuel consumption rate /1.0/
g Inverse refueling rate /0.1/
v Average velocity /1.0/
