StringID   Type       x          y          demand     DeliveryDemand  PickupDemand  DivisionRate ReadyTime  DueDate    ServiceTime
D0         d          50.0       150.0      0.0        0.0        0.0        0.0        0.0        9999.0     0.0
S1         s          50.0       25.0       0.0        0.0        0.0        0.0        0.0        9999.0     0.0
S6         s          50.0       75.0       0.0        0.0        0.0        0.0        0.0        9999.0     0.0
F_sS1      f          50.0       25.0       0.0        0.0        0.0        0.0        0.0        9999.0     0.0
F_sS6      f          50.0       75.0       0.0        0.0        0.0        0.0        0.0        9999.0     0.0
F3         f          87.0       13.0       0.0        0.0        0.0        0.0        0.0        9999.0     0.0
F5         f          36.0       65.0       0.0        0.0        0.0        0.0        0.0        9999.0     0.0
F1         f          90.0       49.0       0.0        0.0        0.0        0.0        0.0        9999.0     0.0
F20        f          49.0       75.0       0.0        0.0        0.0        0.0        0.0        9999.0     0.0
C14        c          21.0       80.0       2.0        1.0        1.0        20.0       479.0      912.0      10.0
C18        c          86.0       27.0       25.0       8.0        17.0       45.0       394.0      841.0      10.0
C20        c          28.0       30.0       9.0        8.0        1.0        30.0       481.0      917.0      10.0
C48        c          58.0       54.0       36.0       34.0       2.0        20.0       397.0      874.0      10.0
C50        c          7.0        6.0        13.0       11.0       2.0        45.0       697.0      782.0      10.0
C58        c          55.0       36.0       8.0        5.0        3.0        40.0       297.0      420.0      10.0
C59        c          55.0       52.0       3.0        3.0        0.0        25.0       536.0      768.0      10.0
C60        c          48.0       52.0       30.0       28.0       2.0        30.0       802.0      1020.0     10.0
C61        c          0.0        33.0       31.0       0.0        31.0       45.0       259.0      279.0      10.0
C69        c          15.0       36.0       17.0       7.0        10.0       35.0       820.0      932.0      10.0
C72        c          5.0        54.0       14.0       1.0        13.0       20.0       284.0      523.0      10.0
C74        c          89.0       34.0       32.0       12.0       20.0       25.0       164.0      775.0      10.0
C76        c          88.0       32.0       11.0       4.0        7.0        20.0       469.0      785.0      10.0
C84        c          2.0        37.0       25.0       1.0        24.0       20.0       223.0      819.0      10.0
C95        c          91.0       28.0       12.0       4.0        8.0        40.0       293.0      874.0      10.0

L Large vehicle loading capacity /2000.0/
C Electric vehicle loading capacity /250.0/
Q Electric vehicle battery capacity /194.6/
r Fuel consumption rate /1.0/
g Inverse refueling rate /0.1/
v Average velocity /1.0/
