StringID   Type       x          y          demand     DeliveryDemand  PickupDemand  DivisionRate ReadyTime  DueDate    ServiceTime
D0         d          50.0       150.0      0.0        0.0        0.0        0.0        0.0        9999.0     0.0
S1         s          50.0       25.0       0.0        0.0        0.0        0.0        0.0        9999.0     0.0
S6         s          50.0       75.0       0.0        0.0        0.0        0.0        0.0        9999.0     0.0
F_sS1      f          50.0       25.0       0.0        0.0        0.0        0.0        0.0        9999.0     0.0
F_sS6      f          50.0       75.0       0.0        0.0        0.0        0.0        0.0        9999.0     0.0
F16        f          71.0       96.0       0.0        0.0        0.0        0.0        0.0        9999.0     0.0
F17        f          32.0       45.0       0.0        0.0        0.0        0.0        0.0        9999.0     0.0
F0         f          5.0        36.0       0.0        0.0        0.0        0.0        0.0        9999.0     0.0
F11        f          75.0       51.0       0.0        0.0        0.0        0.0        0.0        9999.0     0.0
C1         c          21.0       91.0       12.0       3.0        9.0        25.0       528.0      921.0      10.0
C3         c          9.0        0.0        15.0       0.0        15.0       40.0       283.0      883.0      10.0
C7         c          60.0       82.0       19.0       14.0       5.0        50.0       208.0      933.0      10.0
C13        c          51.0       65.0       16.0       13.0       3.0        25.0       663.0      991.0      10.0
C29        c          32.0       57.0       15.0       8.0        7.0        30.0       457.0      948.0      10.0
C31        c          63.0       8.0        13.0       2.0        11.0       20.0       422.0      744.0      10.0
C34        c          91.0       27.0       12.0       4.0        8.0        45.0       589.0      965.0      10.0
C35        c          46.0       49.0       28.0       26.0       2.0        30.0       638.0      817.0      10.0
C38        c          27.0       43.0       2.0        1.0        1.0        45.0       570.0      899.0      10.0
C40        c          71.0       55.0       11.0       9.0        2.0        25.0       722.0      776.0      10.0
C47        c          47.0       53.0       25.0       22.0       3.0        25.0       778.0      790.0      10.0
C55        c          90.0       35.0       23.0       9.0        14.0       25.0       823.0      1032.0     10.0
C59        c          30.0       68.0       15.0       7.0        8.0        30.0       318.0      755.0      10.0
C60        c          51.0       53.0       17.0       16.0       1.0        40.0       234.0      772.0      10.0
C64        c          32.0       25.0       23.0       18.0       5.0        45.0       428.0      681.0      10.0

L Large vehicle loading capacity /2000.0/
C Electric vehicle loading capacity /250.0/
Q Electric vehicle battery capacity /194.6/
r Fuel consumption rate /1.0/
g Inverse refueling rate /0.1/
v Average velocity /1.0/
