StringID   Type       x          y          demand     DeliveryDemand  PickupDemand  DivisionRate ReadyTime  DueDate    ServiceTime
D0         d          50.0       150.0      0.0        0.0             0.0           0            0.0        9999.0     0.0         
S0         s          25.0       25.0       0.0        0.0             0.0           0            0.0        9999.0     0.0         
S2         s          75.0       25.0       0.0        0.0             0.0           0            0.0        9999.0     0.0         
S5         s          25.0       75.0       0.0        0.0             0.0           0            0.0        9999.0     0.0         
S7         s          75.0       75.0       0.0        0.0             0.0           0            0.0        9999.0     0.0         
F0         f          25.0       25.0       0.0        0.0             0.0           0            0.0        9999.0     0.0         
F1         f          50.0       25.0       0.0        0.0             0.0           0            0.0        9999.0     0.0         
F2         f          75.0       25.0       0.0        0.0             0.0           0            0.0        9999.0     0.0         
F3         f          25.0       50.0       0.0        0.0             0.0           0            0.0        9999.0     0.0         
F4         f          75.0       50.0       0.0        0.0             0.0           0            0.0        9999.0     0.0         
F5         f          25.0       75.0       0.0        0.0             0.0           0            0.0        9999.0     0.0         
F6         f          50.0       75.0       0.0        0.0             0.0           0            0.0        9999.0     0.0         
F7         f          75.0       75.0       0.0        0.0             0.0           0            0.0        9999.0     0.0         
F8         f          35.0       35.0       0.0        0.0             0.0           0            0.0        9999.0     0.0         
F9         f          61.0       37.0       0.0        0.0             0.0           0            0.0        9999.0     0.0         
F10        f          74.0       39.0       0.0        0.0             0.0           0            0.0        9999.0     0.0         
F11        f          47.0       57.0       0.0        0.0             0.0           0            0.0        9999.0     0.0         
F12        f          57.0       65.0       0.0        0.0             0.0           0            0.0        9999.0     0.0         
F13        f          29.0       59.0       0.0        0.0             0.0           0            0.0        9999.0     0.0         
F14        f          34.0       71.0       0.0        0.0             0.0           0            0.0        9999.0     0.0         
F15        f          22.0       58.0       0.0        0.0             0.0           0            0.0        9999.0     0.0         
F16        f          7.0        61.0       0.0        0.0             0.0           0            0.0        9999.0     0.0         
F17        f          18.0       41.0       0.0        0.0             0.0           0            0.0        9999.0     0.0         
F18        f          5.0        39.0       0.0        0.0             0.0           0            0.0        9999.0     0.0         
F19        f          14.0       20.0       0.0        0.0             0.0           0            0.0        9999.0     0.0         
F20        f          0.0        26.0       0.0        0.0             0.0           0            0.0        9999.0     0.0         
F21        f          24.0       25.0       0.0        0.0             0.0           0            0.0        9999.0     0.0         
F22        f          26.0       6.0        0.0        0.0             0.0           0            0.0        9999.0     0.0         
F23        f          34.0       20.0       0.0        0.0             0.0           0            0.0        9999.0     0.0         
F24        f          41.0       5.0        0.0        0.0             0.0           0            0.0        9999.0     0.0         
F25        f          50.0       9.0        0.0        0.0             0.0           0            0.0        9999.0     0.0         
F26        f          61.0       14.0       0.0        0.0             0.0           0            0.0        9999.0     0.0         
F27        f          62.0       21.0       0.0        0.0             0.0           0            0.0        9999.0     0.0         
F28        f          74.0       30.0       0.0        0.0             0.0           0            0.0        9999.0     0.0         
C2         c          55.0       45.0       13.0       11.0            2.0           45           853.0      1061.0     10.0        
C13        c          15.0       10.0       20.0       13.0            7.0           50           290.0      420.0      10.0        
C17        c          20.0       40.0       12.0       6.0             6.0           35           519.0      629.0      10.0        
C10        c          20.0       65.0       12.0       4.0             8.0           35           817.0      937.0      10.0        
C92        c          18.0       24.0       22.0       17.0            5.0           45           681.0      759.0      10.0        
C24        c          65.0       20.0       6.0        2.0             4.0           20           185.0      299.0      10.0        
C84        c          16.0       22.0       41.0       30.0            11.0          40           668.0      860.0      10.0        
C29        c          40.0       60.0       21.0       14.0            7.0           50           636.0      744.0      10.0        
C34        c          63.0       65.0       8.0        8.0             0.0           45           842.0      1010.0     10.0        
C47        c          13.0       52.0       36.0       9.0             27.0          20           534.0      674.0      10.0        
C59        c          17.0       34.0       3.0        2.0             1.0           40           705.0      837.0      10.0        
C81        c          15.0       47.0       16.0       5.0             11.0          25           813.0      919.0      10.0        
C50        c          49.0       58.0       10.0       8.0             2.0           20           892.0      1022.0     10.0        
C79        c          56.0       37.0       6.0        4.0             2.0           50           138.0      300.0      10.0        
C51        c          27.0       43.0       9.0        6.0             3.0           20           349.0      507.0      10.0        
C36        c          20.0       20.0       8.0        8.0             0.0           20           616.0      794.0      10.0        
C6         c          20.0       50.0       5.0        2.0             3.0           30           148.0      226.0      10.0        
C14        c          30.0       5.0        8.0        1.0             7.0           50           977.0      1075.0     10.0        
C23        c          65.0       35.0       3.0        2.0             1.0           20           918.0      1028.0     10.0        
C5         c          25.0       30.0       3.0        3.0             0.0           20           672.0      824.0      10.0        
C1         c          35.0       17.0       7.0        3.0             4.0           20           134.0      282.0      10.0        
C89        c          31.0       67.0       3.0        1.0             2.0           25           648.0      752.0      10.0        
C38        c          60.0       12.0       31.0       6.0             25.0          25           400.0      556.0      10.0        
C3         c          55.0       20.0       19.0       7.0             12.0          30           869.0      947.0      10.0        
C25        c          45.0       30.0       17.0       11.0            6.0           30           250.0      368.0      10.0        
C15        c          10.0       20.0       19.0       10.0            9.0           50           643.0      781.0      10.0        
C67        c          56.0       39.0       36.0       25.0            11.0          20           434.0      582.0      10.0        
C21        c          45.0       10.0       18.0       4.0             14.0          30           881.0      1001.0     10.0        
C65        c          49.0       73.0       25.0       17.0            8.0           50           718.0      868.0      10.0        
C9         c          30.0       60.0       16.0       8.0             8.0           25           701.0      807.0      10.0        
C58        c          21.0       24.0       28.0       25.0            3.0           45           134.0      256.0      10.0        
C12        c          30.0       25.0       23.0       19.0            4.0           35           128.0      249.0      10.0        
C39        c          40.0       25.0       9.0        6.0             3.0           45           849.0      945.0      10.0        
C97        c          19.0       21.0       10.0       9.0             1.0           40           541.0      657.0      10.0        
C31        c          35.0       69.0       23.0       12.0            11.0          45           543.0      663.0      10.0        
C76        c          53.0       43.0       14.0       11.0            3.0           45           202.0      340.0      10.0        
C35        c          2.0        60.0       5.0        0.0             5.0           40           939.0      1064.0     10.0        
C72        c          44.0       17.0       9.0        3.0             6.0           45           994.0      1076.0     10.0        
C55        c          53.0       12.0       6.0        1.0             5.0           35           883.0      1035.0     10.0        
C63        c          15.0       77.0       9.0        2.0             7.0           50           835.0      937.0      10.0        
C73        c          46.0       13.0       8.0        2.0             6.0           20           571.0      665.0      10.0        
C87        c          26.0       52.0       9.0        5.0             4.0           20           434.0      580.0      10.0        
C88        c          26.0       35.0       15.0       11.0            4.0           40           668.0      816.0      10.0        
C94        c          25.0       24.0       20.0       19.0            1.0           35           131.0      295.0      10.0        
C30        c          31.0       52.0       27.0       16.0            11.0          40           707.0      925.0      10.0        
C60        c          12.0       24.0       13.0       7.0             6.0           30           445.0      667.0      10.0        
C37        c          5.0        5.0        16.0       16.0            0.0           40           703.0      849.0      10.0        
C85        c          4.0        18.0       35.0       8.0             27.0          30           993.0      1063.0     10.0        
C74        c          49.0       11.0       18.0       4.0             14.0          45           653.0      751.0      10.0        
C56        c          32.0       12.0       7.0        3.0             4.0           45           587.0      703.0      10.0        

L Large vehicle loading capacity /2000.0/
C Electric vehicle loading capacity /250.0/
Q Electric vehicle battery capacity /187.86/
r Fuel consumption rate /1.0/
g Inverse refueling rate /0.16/
v Average velocity /1.0/
